timestamp_unix,sm_clock_mhz,video_clock_mhz,sm_active_pct,dram_active_pct,gpu_temp_c,power_draw_w,throttle_active_mask,throttle_sw_power_cap,throttle_hw_thermal,throttle_gpu_idle,pcie_gen,pcie_width,pcie_gen_max,pcie_width_max,gpu_mem_total_bytes,gpu_mem_used_bytes,gpu_mem_free_bytes
1783618725.5469,2535,2203,0,0,52,15.94,0x0000000000000000,Not Active,Not Active,Not Active,1,1,5,16,[N/A],[N/A],[N/A]
1783618725.6474,2535,2203,0,0,52,15.94,0x0000000000000000,Not Active,Not Active,Not Active,1,1,5,16,[N/A],[N/A],[N/A]
1783618725.7475,2535,2203,0,0,52,15.94,0x0000000000000000,Not Active,Not Active,Not Active,1,1,5,16,[N/A],[N/A],[N/A]
1783618725.848,2535,2203,0,0,52,15.94,0x0000000000000000,Not Active,Not Active,Not Active,1,1,5,16,[N/A],[N/A],[N/A]
1783618725.9482,2535,2203,0,0,52,15.94,0x0000000000000000,Not Active,Not Active,Not Active,1,1,5,16,[N/A],[N/A],[N/A]
1783618726.0485,2535,2203,0,0,52,15.94,0x0000000000000000,Not Active,Not Active,Not Active,1,1,5,16,[N/A],[N/A],[N/A]
1783618726.149,2535,2203,0,0,52,15.94,0x0000000000000000,Not Active,Not Active,Not Active,1,1,5,16,[N/A],[N/A],[N/A]
1783618726.2492,2535,2203,0,0,52,15.94,0x0000000000000000,Not Active,Not Active,Not Active,1,1,5,16,[N/A],[N/A],[N/A]
1783618726.3497,2535,2203,0,0,52,15.94,0x0000000000000000,Not Active,Not Active,Not Active,1,1,5,16,[N/A],[N/A],[N/A]
1783618726.4498,2535,2203,58,0,57,23.64,0x0000000000000000,Not Active,Not Active,Not Active,1,1,5,16,[N/A],[N/A],[N/A]
1783618726.5501,2535,2203,58,0,57,23.64,0x0000000000000000,Not Active,Not Active,Not Active,1,1,5,16,[N/A],[N/A],[N/A]
1783618726.6503,2535,2203,58,0,57,23.64,0x0000000000000000,Not Active,Not Active,Not Active,1,1,5,16,[N/A],[N/A],[N/A]
1783618726.7505,2535,2203,58,0,57,23.64,0x0000000000000000,Not Active,Not Active,Not Active,1,1,5,16,[N/A],[N/A],[N/A]
1783618726.8507,2535,2203,58,0,57,23.64,0x0000000000000000,Not Active,Not Active,Not Active,1,1,5,16,[N/A],[N/A],[N/A]
1783618726.951,2515,2197,39,0,57,29.41,0x0000000000000000,Not Active,Not Active,Not Active,1,1,5,16,[N/A],[N/A],[N/A]
1783618727.0512,2515,2197,39,0,57,29.41,0x0000000000000000,Not Active,Not Active,Not Active,1,1,5,16,[N/A],[N/A],[N/A]
1783618727.1515,2515,2197,39,0,57,29.41,0x0000000000000000,Not Active,Not Active,Not Active,1,1,5,16,[N/A],[N/A],[N/A]
1783618727.2516,2515,2197,39,0,57,29.41,0x0000000000000000,Not Active,Not Active,Not Active,1,1,5,16,[N/A],[N/A],[N/A]
1783618727.3518,2515,2197,39,0,57,29.41,0x0000000000000000,Not Active,Not Active,Not Active,1,1,5,16,[N/A],[N/A],[N/A]
1783618727.4529,2515,2184,29,0,53,33.87,0x0000000000000000,Not Active,Not Active,Not Active,1,1,5,16,[N/A],[N/A],[N/A]
1783618727.5531,2515,2184,29,0,53,33.87,0x0000000000000000,Not Active,Not Active,Not Active,1,1,5,16,[N/A],[N/A],[N/A]
1783618727.6533,2515,2184,29,0,53,33.87,0x0000000000000000,Not Active,Not Active,Not Active,1,1,5,16,[N/A],[N/A],[N/A]
1783618727.7536,2515,2184,29,0,53,33.87,0x0000000000000000,Not Active,Not Active,Not Active,1,1,5,16,[N/A],[N/A],[N/A]
1783618727.8537,2515,2184,29,0,53,33.87,0x0000000000000000,Not Active,Not Active,Not Active,1,1,5,16,[N/A],[N/A],[N/A]
1783618727.9539,2522,2203,83,0,55,36.75,0x0000000000000000,Not Active,Not Active,Not Active,1,1,5,16,[N/A],[N/A],[N/A]
1783618728.0541,2522,2203,83,0,55,36.75,0x0000000000000000,Not Active,Not Active,Not Active,1,1,5,16,[N/A],[N/A],[N/A]
1783618728.1544,2522,2203,83,0,55,36.75,0x0000000000000000,Not Active,Not Active,Not Active,1,1,5,16,[N/A],[N/A],[N/A]
1783618728.2547,2522,2203,83,0,55,36.75,0x0000000000000000,Not Active,Not Active,Not Active,1,1,5,16,[N/A],[N/A],[N/A]
1783618728.3553,2522,2203,83,0,55,36.75,0x0000000000000000,Not Active,Not Active,Not Active,1,1,5,16,[N/A],[N/A],[N/A]
1783618728.4555,2528,2203,66,0,58,36.02,0x0000000000000000,Not Active,Not Active,Not Active,1,1,5,16,[N/A],[N/A],[N/A]
1783618728.5558,2528,2203,66,0,58,36.02,0x0000000000000000,Not Active,Not Active,Not Active,1,1,5,16,[N/A],[N/A],[N/A]
1783618728.656,2528,2203,66,0,58,36.02,0x0000000000000000,Not Active,Not Active,Not Active,1,1,5,16,[N/A],[N/A],[N/A]
1783618728.7562,2528,2203,66,0,58,36.02,0x0000000000000000,Not Active,Not Active,Not Active,1,1,5,16,[N/A],[N/A],[N/A]
1783618728.8569,2528,2203,66,0,58,36.02,0x0000000000000000,Not Active,Not Active,Not Active,1,1,5,16,[N/A],[N/A],[N/A]
1783618728.9576,2515,2197,56,0,58,32.85,0x0000000000000000,Not Active,Not Active,Not Active,1,1,5,16,[N/A],[N/A],[N/A]
1783618729.0578,2515,2197,56,0,58,32.85,0x0000000000000000,Not Active,Not Active,Not Active,1,1,5,16,[N/A],[N/A],[N/A]
1783618729.1581,2515,2197,56,0,58,32.85,0x0000000000000000,Not Active,Not Active,Not Active,1,1,5,16,[N/A],[N/A],[N/A]
1783618729.2582,2515,2197,56,0,58,32.85,0x0000000000000000,Not Active,Not Active,Not Active,1,1,5,16,[N/A],[N/A],[N/A]
1783618729.3589,2515,2197,56,0,58,32.85,0x0000000000000000,Not Active,Not Active,Not Active,1,1,5,16,[N/A],[N/A],[N/A]
1783618729.4592,2515,2190,14,0,53,32.40,0x0000000000000000,Not Active,Not Active,Not Active,1,1,5,16,[N/A],[N/A],[N/A]
1783618729.5595,2515,2190,14,0,53,32.40,0x0000000000000000,Not Active,Not Active,Not Active,1,1,5,16,[N/A],[N/A],[N/A]
1783618729.6597,2515,2190,14,0,53,32.40,0x0000000000000000,Not Active,Not Active,Not Active,1,1,5,16,[N/A],[N/A],[N/A]
1783618729.76,2515,2190,14,0,53,32.40,0x0000000000000000,Not Active,Not Active,Not Active,1,1,5,16,[N/A],[N/A],[N/A]
1783618729.8604,2515,2190,14,0,53,32.40,0x0000000000000000,Not Active,Not Active,Not Active,1,1,5,16,[N/A],[N/A],[N/A]
1783618729.9606,2515,2190,10,0,53,35.94,0x0000000000000000,Not Active,Not Active,Not Active,1,1,5,16,[N/A],[N/A],[N/A]
1783618730.0609,2515,2190,10,0,53,35.94,0x0000000000000000,Not Active,Not Active,Not Active,1,1,5,16,[N/A],[N/A],[N/A]
1783618730.1612,2515,2190,10,0,53,35.94,0x0000000000000000,Not Active,Not Active,Not Active,1,1,5,16,[N/A],[N/A],[N/A]
1783618730.2613,2515,2190,10,0,53,35.94,0x0000000000000000,Not Active,Not Active,Not Active,1,1,5,16,[N/A],[N/A],[N/A]
1783618730.3617,2515,2190,10,0,53,35.94,0x0000000000000000,Not Active,Not Active,Not Active,1,1,5,16,[N/A],[N/A],[N/A]
1783618730.4619,2515,2190,95,0,59,39.23,0x0000000000000000,Not Active,Not Active,Not Active,1,1,5,16,[N/A],[N/A],[N/A]
1783618730.5621,2515,2190,95,0,59,39.23,0x0000000000000000,Not Active,Not Active,Not Active,1,1,5,16,[N/A],[N/A],[N/A]
1783618730.6623,2515,2190,95,0,59,39.23,0x0000000000000000,Not Active,Not Active,Not Active,1,1,5,16,[N/A],[N/A],[N/A]
1783618730.763,2515,2190,95,0,59,39.23,0x0000000000000000,Not Active,Not Active,Not Active,1,1,5,16,[N/A],[N/A],[N/A]
1783618730.8632,2515,2190,95,0,59,39.23,0x0000000000000000,Not Active,Not Active,Not Active,1,1,5,16,[N/A],[N/A],[N/A]
1783618730.9634,2515,2203,95,0,59,37.47,0x0000000000000000,Not Active,Not Active,Not Active,1,1,5,16,[N/A],[N/A],[N/A]
1783618731.064,2515,2203,95,0,59,37.47,0x0000000000000000,Not Active,Not Active,Not Active,1,1,5,16,[N/A],[N/A],[N/A]
1783618731.1642,2515,2203,95,0,59,37.47,0x0000000000000000,Not Active,Not Active,Not Active,1,1,5,16,[N/A],[N/A],[N/A]
1783618731.2644,2515,2203,95,0,59,37.47,0x0000000000000000,Not Active,Not Active,Not Active,1,1,5,16,[N/A],[N/A],[N/A]
1783618731.3647,2515,2203,95,0,59,37.47,0x0000000000000000,Not Active,Not Active,Not Active,1,1,5,16,[N/A],[N/A],[N/A]
1783618731.4653,2515,2203,95,0,59,37.57,0x0000000000000000,Not Active,Not Active,Not Active,1,1,5,16,[N/A],[N/A],[N/A]
1783618731.566,2515,2203,95,0,59,37.57,0x0000000000000000,Not Active,Not Active,Not Active,1,1,5,16,[N/A],[N/A],[N/A]
1783618731.6663,2515,2203,95,0,59,37.57,0x0000000000000000,Not Active,Not Active,Not Active,1,1,5,16,[N/A],[N/A],[N/A]
1783618731.7666,2515,2203,95,0,59,37.57,0x0000000000000000,Not Active,Not Active,Not Active,1,1,5,16,[N/A],[N/A],[N/A]
1783618731.8673,2515,2203,95,0,59,37.57,0x0000000000000000,Not Active,Not Active,Not Active,1,1,5,16,[N/A],[N/A],[N/A]
1783618731.9675,2515,2203,95,0,59,36.67,0x0000000000000000,Not Active,Not Active,Not Active,1,1,5,16,[N/A],[N/A],[N/A]
1783618732.0678,2515,2203,95,0,59,36.67,0x0000000000000000,Not Active,Not Active,Not Active,1,1,5,16,[N/A],[N/A],[N/A]
1783618732.1696,2515,2203,95,0,59,36.67,0x0000000000000000,Not Active,Not Active,Not Active,1,1,5,16,[N/A],[N/A],[N/A]
1783618732.2701,2515,2203,95,0,59,36.67,0x0000000000000000,Not Active,Not Active,Not Active,1,1,5,16,[N/A],[N/A],[N/A]
1783618732.3705,2515,2203,95,0,59,36.67,0x0000000000000000,Not Active,Not Active,Not Active,1,1,5,16,[N/A],[N/A],[N/A]
1783618732.4709,2515,2197,24,0,58,33.96,0x0000000000000000,Not Active,Not Active,Not Active,1,1,5,16,[N/A],[N/A],[N/A]
1783618732.5712,2515,2197,24,0,58,33.96,0x0000000000000000,Not Active,Not Active,Not Active,1,1,5,16,[N/A],[N/A],[N/A]
1783618732.6714,2515,2197,24,0,58,33.96,0x0000000000000000,Not Active,Not Active,Not Active,1,1,5,16,[N/A],[N/A],[N/A]
1783618732.7717,2515,2197,24,0,58,33.96,0x0000000000000000,Not Active,Not Active,Not Active,1,1,5,16,[N/A],[N/A],[N/A]
1783618732.872,2515,2190,26,0,58,33.61,0x0000000000000000,Not Active,Not Active,Not Active,1,1,5,16,[N/A],[N/A],[N/A]
1783618732.9723,2515,2190,26,0,58,33.61,0x0000000000000000,Not Active,Not Active,Not Active,1,1,5,16,[N/A],[N/A],[N/A]
1783618733.0726,2515,2190,26,0,58,33.61,0x0000000000000000,Not Active,Not Active,Not Active,1,1,5,16,[N/A],[N/A],[N/A]
1783618733.1729,2515,2190,26,0,58,33.61,0x0000000000000000,Not Active,Not Active,Not Active,1,1,5,16,[N/A],[N/A],[N/A]
1783618733.2732,2515,2190,26,0,58,33.61,0x0000000000000000,Not Active,Not Active,Not Active,1,1,5,16,[N/A],[N/A],[N/A]
1783618733.3735,2515,2184,42,0,54,35.21,0x0000000000000000,Not Active,Not Active,Not Active,1,1,5,16,[N/A],[N/A],[N/A]
1783618733.4737,2515,2184,42,0,54,35.21,0x0000000000000000,Not Active,Not Active,Not Active,1,1,5,16,[N/A],[N/A],[N/A]
1783618733.5739,2515,2184,42,0,54,35.21,0x0000000000000000,Not Active,Not Active,Not Active,1,1,5,16,[N/A],[N/A],[N/A]
1783618733.6741,2515,2184,42,0,54,35.21,0x0000000000000000,Not Active,Not Active,Not Active,1,1,5,16,[N/A],[N/A],[N/A]
1783618733.7748,2515,2184,42,0,54,35.21,0x0000000000000000,Not Active,Not Active,Not Active,1,1,5,16,[N/A],[N/A],[N/A]
1783618733.8753,2515,2184,29,0,54,38.12,0x0000000000000000,Not Active,Not Active,Not Active,1,1,5,16,[N/A],[N/A],[N/A]
1783618733.9754,2515,2184,29,0,54,38.12,0x0000000000000000,Not Active,Not Active,Not Active,1,1,5,16,[N/A],[N/A],[N/A]
1783618734.0757,2515,2184,29,0,54,38.12,0x0000000000000000,Not Active,Not Active,Not Active,1,1,5,16,[N/A],[N/A],[N/A]
1783618734.1761,2515,2184,29,0,54,38.12,0x0000000000000000,Not Active,Not Active,Not Active,1,1,5,16,[N/A],[N/A],[N/A]
1783618734.2766,2515,2184,29,0,54,38.12,0x0000000000000000,Not Active,Not Active,Not Active,1,1,5,16,[N/A],[N/A],[N/A]
1783618734.377,2515,2190,95,0,60,40.21,0x0000000000000000,Not Active,Not Active,Not Active,1,1,5,16,[N/A],[N/A],[N/A]
1783618734.4777,2515,2190,95,0,60,40.21,0x0000000000000000,Not Active,Not Active,Not Active,1,1,5,16,[N/A],[N/A],[N/A]
1783618734.578,2515,2190,95,0,60,40.21,0x0000000000000000,Not Active,Not Active,Not Active,1,1,5,16,[N/A],[N/A],[N/A]
1783618734.6783,2515,2190,95,0,60,40.21,0x0000000000000000,Not Active,Not Active,Not Active,1,1,5,16,[N/A],[N/A],[N/A]
1783618734.7786,2515,2190,95,0,60,40.21,0x0000000000000000,Not Active,Not Active,Not Active,1,1,5,16,[N/A],[N/A],[N/A]
1783618734.8788,2515,2197,95,0,59,36.94,0x0000000000000000,Not Active,Not Active,Not Active,1,1,5,16,[N/A],[N/A],[N/A]
1783618734.979,2515,2197,95,0,59,36.94,0x0000000000000000,Not Active,Not Active,Not Active,1,1,5,16,[N/A],[N/A],[N/A]
1783618735.0795,2515,2197,95,0,59,36.94,0x0000000000000000,Not Active,Not Active,Not Active,1,1,5,16,[N/A],[N/A],[N/A]
1783618735.1797,2515,2197,95,0,59,36.94,0x0000000000000000,Not Active,Not Active,Not Active,1,1,5,16,[N/A],[N/A],[N/A]
1783618735.28,2515,2197,95,0,59,36.94,0x0000000000000000,Not Active,Not Active,Not Active,1,1,5,16,[N/A],[N/A],[N/A]
1783618735.3803,2515,2203,53,0,59,34.87,0x0000000000000000,Not Active,Not Active,Not Active,1,1,5,16,[N/A],[N/A],[N/A]
1783618735.4805,2515,2203,53,0,59,34.87,0x0000000000000000,Not Active,Not Active,Not Active,1,1,5,16,[N/A],[N/A],[N/A]
1783618735.5808,2515,2203,53,0,59,34.87,0x0000000000000000,Not Active,Not Active,Not Active,1,1,5,16,[N/A],[N/A],[N/A]
1783618735.681,2515,2203,53,0,59,34.87,0x0000000000000000,Not Active,Not Active,Not Active,1,1,5,16,[N/A],[N/A],[N/A]
1783618735.7817,2515,2203,53,0,59,34.87,0x0000000000000000,Not Active,Not Active,Not Active,1,1,5,16,[N/A],[N/A],[N/A]
1783618735.8823,2515,2197,29,0,58,31.55,0x0000000000000000,Not Active,Not Active,Not Active,1,1,5,16,[N/A],[N/A],[N/A]
1783618735.9826,2515,2197,29,0,58,31.55,0x0000000000000000,Not Active,Not Active,Not Active,1,1,5,16,[N/A],[N/A],[N/A]
1783618736.083,2515,2197,29,0,58,31.55,0x0000000000000000,Not Active,Not Active,Not Active,1,1,5,16,[N/A],[N/A],[N/A]
1783618736.1833,2515,2197,29,0,58,31.55,0x0000000000000000,Not Active,Not Active,Not Active,1,1,5,16,[N/A],[N/A],[N/A]
1783618736.2837,2515,2197,29,0,58,31.55,0x0000000000000000,Not Active,Not Active,Not Active,1,1,5,16,[N/A],[N/A],[N/A]
1783618736.3839,2515,2184,40,0,55,34.63,0x0000000000000000,Not Active,Not Active,Not Active,1,1,5,16,[N/A],[N/A],[N/A]
1783618736.4841,2515,2184,40,0,55,34.63,0x0000000000000000,Not Active,Not Active,Not Active,1,1,5,16,[N/A],[N/A],[N/A]
1783618736.5844,2515,2184,40,0,55,34.63,0x0000000000000000,Not Active,Not Active,Not Active,1,1,5,16,[N/A],[N/A],[N/A]
1783618736.6848,2515,2184,40,0,55,34.63,0x0000000000000000,Not Active,Not Active,Not Active,1,1,5,16,[N/A],[N/A],[N/A]
1783618736.785,2515,2184,40,0,55,34.63,0x0000000000000000,Not Active,Not Active,Not Active,1,1,5,16,[N/A],[N/A],[N/A]
1783618736.894,2515,2190,55,0,55,38.02,0x0000000000000000,Not Active,Not Active,Not Active,1,1,5,16,[N/A],[N/A],[N/A]
1783618736.9944,2515,2190,55,0,55,38.02,0x0000000000000000,Not Active,Not Active,Not Active,1,1,5,16,[N/A],[N/A],[N/A]
1783618737.0947,2515,2190,55,0,55,38.02,0x0000000000000000,Not Active,Not Active,Not Active,1,1,5,16,[N/A],[N/A],[N/A]
1783618737.195,2515,2190,55,0,55,38.02,0x0000000000000000,Not Active,Not Active,Not Active,1,1,5,16,[N/A],[N/A],[N/A]
1783618737.2953,2515,2190,55,0,55,38.02,0x0000000000000000,Not Active,Not Active,Not Active,1,1,5,16,[N/A],[N/A],[N/A]
1783618737.3959,2515,2197,95,0,60,40.22,0x0000000000000000,Not Active,Not Active,Not Active,1,1,5,16,[N/A],[N/A],[N/A]
1783618737.4962,2515,2197,95,0,60,40.22,0x0000000000000000,Not Active,Not Active,Not Active,1,1,5,16,[N/A],[N/A],[N/A]
1783618737.5968,2515,2197,95,0,60,40.22,0x0000000000000000,Not Active,Not Active,Not Active,1,1,5,16,[N/A],[N/A],[N/A]
1783618737.6971,2515,2197,95,0,60,40.22,0x0000000000000000,Not Active,Not Active,Not Active,1,1,5,16,[N/A],[N/A],[N/A]
1783618737.7974,2515,2197,95,0,60,40.22,0x0000000000000000,Not Active,Not Active,Not Active,1,1,5,16,[N/A],[N/A],[N/A]
1783618737.8977,2515,2197,95,0,60,38.75,0x0000000000000000,Not Active,Not Active,Not Active,1,1,5,16,[N/A],[N/A],[N/A]
1783618737.9985,2515,2197,95,0,60,38.75,0x0000000000000000,Not Active,Not Active,Not Active,1,1,5,16,[N/A],[N/A],[N/A]
1783618738.0987,2515,2197,95,0,60,38.75,0x0000000000000000,Not Active,Not Active,Not Active,1,1,5,16,[N/A],[N/A],[N/A]
1783618738.1992,2515,2197,95,0,60,38.75,0x0000000000000000,Not Active,Not Active,Not Active,1,1,5,16,[N/A],[N/A],[N/A]
1783618738.2998,2515,2197,95,0,60,38.75,0x0000000000000000,Not Active,Not Active,Not Active,1,1,5,16,[N/A],[N/A],[N/A]
1783618738.4002,2515,2203,48,0,59,36.03,0x0000000000000000,Not Active,Not Active,Not Active,1,1,5,16,[N/A],[N/A],[N/A]
1783618738.5004,2515,2203,48,0,59,36.03,0x0000000000000000,Not Active,Not Active,Not Active,1,1,5,16,[N/A],[N/A],[N/A]
1783618738.6007,2515,2203,48,0,59,36.03,0x0000000000000000,Not Active,Not Active,Not Active,1,1,5,16,[N/A],[N/A],[N/A]
1783618738.7012,2515,2203,48,0,59,36.03,0x0000000000000000,Not Active,Not Active,Not Active,1,1,5,16,[N/A],[N/A],[N/A]
1783618738.8017,2515,2203,48,0,59,36.03,0x0000000000000000,Not Active,Not Active,Not Active,1,1,5,16,[N/A],[N/A],[N/A]
1783618738.9019,2515,2190,46,0,59,34.65,0x0000000000000000,Not Active,Not Active,Not Active,1,1,5,16,[N/A],[N/A],[N/A]
1783618739.0026,2515,2190,46,0,59,34.65,0x0000000000000000,Not Active,Not Active,Not Active,1,1,5,16,[N/A],[N/A],[N/A]
1783618739.1028,2515,2190,46,0,59,34.65,0x0000000000000000,Not Active,Not Active,Not Active,1,1,5,16,[N/A],[N/A],[N/A]
1783618739.2032,2515,2190,46,0,59,34.65,0x0000000000000000,Not Active,Not Active,Not Active,1,1,5,16,[N/A],[N/A],[N/A]
1783618739.3036,2515,2190,46,0,59,34.65,0x0000000000000000,Not Active,Not Active,Not Active,1,1,5,16,[N/A],[N/A],[N/A]
1783618739.4042,2515,2184,22,0,55,33.91,0x0000000000000000,Not Active,Not Active,Not Active,1,1,5,16,[N/A],[N/A],[N/A]
1783618739.5047,2515,2184,22,0,55,33.91,0x0000000000000000,Not Active,Not Active,Not Active,1,1,5,16,[N/A],[N/A],[N/A]
1783618739.6051,2515,2184,22,0,55,33.91,0x0000000000000000,Not Active,Not Active,Not Active,1,1,5,16,[N/A],[N/A],[N/A]
1783618739.7054,2515,2184,22,0,55,33.91,0x0000000000000000,Not Active,Not Active,Not Active,1,1,5,16,[N/A],[N/A],[N/A]
1783618739.8057,2515,2184,22,0,55,33.91,0x0000000000000000,Not Active,Not Active,Not Active,1,1,5,16,[N/A],[N/A],[N/A]
1783618739.906,2515,2184,13,0,55,36.80,0x0000000000000000,Not Active,Not Active,Not Active,1,1,5,16,[N/A],[N/A],[N/A]
1783618740.0063,2515,2184,13,0,55,36.80,0x0000000000000000,Not Active,Not Active,Not Active,1,1,5,16,[N/A],[N/A],[N/A]
1783618740.1066,2515,2184,13,0,55,36.80,0x0000000000000000,Not Active,Not Active,Not Active,1,1,5,16,[N/A],[N/A],[N/A]
1783618740.2069,2515,2184,13,0,55,36.80,0x0000000000000000,Not Active,Not Active,Not Active,1,1,5,16,[N/A],[N/A],[N/A]
1783618740.3072,2515,2184,13,0,55,36.80,0x0000000000000000,Not Active,Not Active,Not Active,1,1,5,16,[N/A],[N/A],[N/A]
1783618740.4085,2515,2190,95,0,60,39.56,0x0000000000000000,Not Active,Not Active,Not Active,1,1,5,16,[N/A],[N/A],[N/A]
1783618740.5091,2515,2190,95,0,60,39.56,0x0000000000000000,Not Active,Not Active,Not Active,1,1,5,16,[N/A],[N/A],[N/A]
1783618740.6094,2515,2190,95,0,60,39.56,0x0000000000000000,Not Active,Not Active,Not Active,1,1,5,16,[N/A],[N/A],[N/A]
1783618740.7098,2515,2190,95,0,60,39.56,0x0000000000000000,Not Active,Not Active,Not Active,1,1,5,16,[N/A],[N/A],[N/A]
1783618740.8101,2515,2190,95,0,60,39.56,0x0000000000000000,Not Active,Not Active,Not Active,1,1,5,16,[N/A],[N/A],[N/A]
1783618740.9102,2515,2197,95,0,60,37.96,0x0000000000000000,Not Active,Not Active,Not Active,1,1,5,16,[N/A],[N/A],[N/A]
1783618741.0104,2515,2197,95,0,60,37.96,0x0000000000000000,Not Active,Not Active,Not Active,1,1,5,16,[N/A],[N/A],[N/A]
1783618741.1108,2515,2197,95,0,60,37.96,0x0000000000000000,Not Active,Not Active,Not Active,1,1,5,16,[N/A],[N/A],[N/A]
1783618741.2114,2515,2197,95,0,60,37.96,0x0000000000000000,Not Active,Not Active,Not Active,1,1,5,16,[N/A],[N/A],[N/A]
1783618741.3118,2515,2197,95,0,60,37.96,0x0000000000000000,Not Active,Not Active,Not Active,1,1,5,16,[N/A],[N/A],[N/A]
1783618741.4121,2515,2203,73,0,59,35.06,0x0000000000000000,Not Active,Not Active,Not Active,1,1,5,16,[N/A],[N/A],[N/A]
1783618741.5124,2515,2203,73,0,59,35.06,0x0000000000000000,Not Active,Not Active,Not Active,1,1,5,16,[N/A],[N/A],[N/A]
1783618741.6127,2515,2203,73,0,59,35.06,0x0000000000000000,Not Active,Not Active,Not Active,1,1,5,16,[N/A],[N/A],[N/A]
1783618741.7129,2515,2203,73,0,59,35.06,0x0000000000000000,Not Active,Not Active,Not Active,1,1,5,16,[N/A],[N/A],[N/A]
1783618741.8135,2515,2203,73,0,59,35.06,0x0000000000000000,Not Active,Not Active,Not Active,1,1,5,16,[N/A],[N/A],[N/A]
1783618741.9141,2515,2197,60,0,60,32.62,0x0000000000000000,Not Active,Not Active,Not Active,1,1,5,16,[N/A],[N/A],[N/A]
1783618742.0147,2515,2197,60,0,60,32.62,0x0000000000000000,Not Active,Not Active,Not Active,1,1,5,16,[N/A],[N/A],[N/A]
1783618742.115,2515,2197,60,0,60,32.62,0x0000000000000000,Not Active,Not Active,Not Active,1,1,5,16,[N/A],[N/A],[N/A]
1783618742.2153,2515,2197,60,0,60,32.62,0x0000000000000000,Not Active,Not Active,Not Active,1,1,5,16,[N/A],[N/A],[N/A]
1783618742.3159,2515,2197,60,0,60,32.62,0x0000000000000000,Not Active,Not Active,Not Active,1,1,5,16,[N/A],[N/A],[N/A]
1783618742.4164,2515,2190,10,0,55,33.32,0x0000000000000000,Not Active,Not Active,Not Active,1,1,5,16,[N/A],[N/A],[N/A]
1783618742.517,2515,2190,10,0,55,33.32,0x0000000000000000,Not Active,Not Active,Not Active,1,1,5,16,[N/A],[N/A],[N/A]
1783618742.6176,2515,2190,10,0,55,33.32,0x0000000000000000,Not Active,Not Active,Not Active,1,1,5,16,[N/A],[N/A],[N/A]
1783618742.7177,2515,2190,10,0,55,33.32,0x0000000000000000,Not Active,Not Active,Not Active,1,1,5,16,[N/A],[N/A],[N/A]
1783618742.8181,2515,2190,10,0,55,33.32,0x0000000000000000,Not Active,Not Active,Not Active,1,1,5,16,[N/A],[N/A],[N/A]
1783618742.9185,2515,2184,0,0,55,37.33,0x0000000000000000,Not Active,Not Active,Not Active,1,1,5,16,[N/A],[N/A],[N/A]
1783618743.0188,2515,2184,0,0,55,37.33,0x0000000000000000,Not Active,Not Active,Not Active,1,1,5,16,[N/A],[N/A],[N/A]
1783618743.1191,2515,2184,0,0,55,37.33,0x0000000000000000,Not Active,Not Active,Not Active,1,1,5,16,[N/A],[N/A],[N/A]
1783618743.2193,2515,2184,0,0,55,37.33,0x0000000000000000,Not Active,Not Active,Not Active,1,1,5,16,[N/A],[N/A],[N/A]
1783618743.3196,2515,2184,0,0,55,37.33,0x0000000000000000,Not Active,Not Active,Not Active,1,1,5,16,[N/A],[N/A],[N/A]
1783618743.4202,2515,2190,95,0,60,38.04,0x0000000000000000,Not Active,Not Active,Not Active,1,1,5,16,[N/A],[N/A],[N/A]
1783618743.5208,2515,2190,95,0,60,38.04,0x0000000000000000,Not Active,Not Active,Not Active,1,1,5,16,[N/A],[N/A],[N/A]
1783618743.621,2515,2190,95,0,60,38.04,0x0000000000000000,Not Active,Not Active,Not Active,1,1,5,16,[N/A],[N/A],[N/A]
1783618743.7213,2515,2190,95,0,60,38.04,0x0000000000000000,Not Active,Not Active,Not Active,1,1,5,16,[N/A],[N/A],[N/A]
1783618743.8219,2515,2190,95,0,60,38.04,0x0000000000000000,Not Active,Not Active,Not Active,1,1,5,16,[N/A],[N/A],[N/A]
1783618743.9225,2515,2197,95,0,60,39.52,0x0000000000000000,Not Active,Not Active,Not Active,1,1,5,16,[N/A],[N/A],[N/A]
1783618744.025,2515,2197,95,0,60,39.52,0x0000000000000000,Not Active,Not Active,Not Active,1,1,5,16,[N/A],[N/A],[N/A]
1783618744.1255,2515,2197,95,0,60,39.52,0x0000000000000000,Not Active,Not Active,Not Active,1,1,5,16,[N/A],[N/A],[N/A]
1783618744.2257,2515,2197,95,0,60,39.52,0x0000000000000000,Not Active,Not Active,Not Active,1,1,5,16,[N/A],[N/A],[N/A]
1783618744.326,2515,2197,95,0,60,39.52,0x0000000000000000,Not Active,Not Active,Not Active,1,1,5,16,[N/A],[N/A],[N/A]
1783618744.4262,2515,2203,81,0,60,35.69,0x0000000000000000,Not Active,Not Active,Not Active,1,1,5,16,[N/A],[N/A],[N/A]
1783618744.527,2515,2203,81,0,60,35.69,0x0000000000000000,Not Active,Not Active,Not Active,1,1,5,16,[N/A],[N/A],[N/A]
1783618744.6274,2515,2203,81,0,60,35.69,0x0000000000000000,Not Active,Not Active,Not Active,1,1,5,16,[N/A],[N/A],[N/A]
1783618744.7276,2515,2203,81,0,60,35.69,0x0000000000000000,Not Active,Not Active,Not Active,1,1,5,16,[N/A],[N/A],[N/A]
1783618744.8278,2515,2203,81,0,60,35.69,0x0000000000000000,Not Active,Not Active,Not Active,1,1,5,16,[N/A],[N/A],[N/A]
1783618744.9282,2515,2197,95,0,60,37.42,0x0000000000000000,Not Active,Not Active,Not Active,1,1,5,16,[N/A],[N/A],[N/A]
1783618745.0285,2515,2197,95,0,60,37.42,0x0000000000000000,Not Active,Not Active,Not Active,1,1,5,16,[N/A],[N/A],[N/A]
1783618745.1286,2515,2197,95,0,60,37.42,0x0000000000000000,Not Active,Not Active,Not Active,1,1,5,16,[N/A],[N/A],[N/A]
1783618745.2293,2515,2197,95,0,60,37.42,0x0000000000000000,Not Active,Not Active,Not Active,1,1,5,16,[N/A],[N/A],[N/A]
1783618745.3297,2515,2197,95,0,60,37.42,0x0000000000000000,Not Active,Not Active,Not Active,1,1,5,16,[N/A],[N/A],[N/A]
1783618745.4299,2515,2197,7,0,57,34.78,0x0000000000000000,Not Active,Not Active,Not Active,1,1,5,16,[N/A],[N/A],[N/A]
1783618745.5304,2515,2197,7,0,57,34.78,0x0000000000000000,Not Active,Not Active,Not Active,1,1,5,16,[N/A],[N/A],[N/A]
1783618745.6312,2515,2197,7,0,57,34.78,0x0000000000000000,Not Active,Not Active,Not Active,1,1,5,16,[N/A],[N/A],[N/A]
1783618745.7317,2515,2197,7,0,57,34.78,0x0000000000000000,Not Active,Not Active,Not Active,1,1,5,16,[N/A],[N/A],[N/A]
1783618745.8319,2515,2197,7,0,57,34.78,0x0000000000000000,Not Active,Not Active,Not Active,1,1,5,16,[N/A],[N/A],[N/A]
1783618745.9322,2515,2184,4,0,57,33.39,0x0000000000000000,Not Active,Not Active,Not Active,1,1,5,16,[N/A],[N/A],[N/A]
1783618746.0324,2515,2184,4,0,57,33.39,0x0000000000000000,Not Active,Not Active,Not Active,1,1,5,16,[N/A],[N/A],[N/A]
1783618746.1327,2515,2184,4,0,57,33.39,0x0000000000000000,Not Active,Not Active,Not Active,1,1,5,16,[N/A],[N/A],[N/A]
1783618746.233,2515,2184,4,0,57,33.39,0x0000000000000000,Not Active,Not Active,Not Active,1,1,5,16,[N/A],[N/A],[N/A]
1783618746.3332,2515,2184,4,0,57,33.39,0x0000000000000000,Not Active,Not Active,Not Active,1,1,5,16,[N/A],[N/A],[N/A]
1783618746.4334,2515,2184,64,0,56,37.77,0x0000000000000000,Not Active,Not Active,Not Active,1,1,5,16,[N/A],[N/A],[N/A]
1783618746.5336,2515,2184,64,0,56,37.77,0x0000000000000000,Not Active,Not Active,Not Active,1,1,5,16,[N/A],[N/A],[N/A]
1783618746.6339,2515,2184,64,0,56,37.77,0x0000000000000000,Not Active,Not Active,Not Active,1,1,5,16,[N/A],[N/A],[N/A]
1783618746.7343,2515,2184,64,0,56,37.77,0x0000000000000000,Not Active,Not Active,Not Active,1,1,5,16,[N/A],[N/A],[N/A]
1783618746.8345,2515,2184,64,0,56,37.77,0x0000000000000000,Not Active,Not Active,Not Active,1,1,5,16,[N/A],[N/A],[N/A]
1783618746.9351,2515,2190,68,0,56,38.03,0x0000000000000000,Not Active,Not Active,Not Active,1,1,5,16,[N/A],[N/A],[N/A]
1783618747.0353,2515,2190,68,0,56,38.03,0x0000000000000000,Not Active,Not Active,Not Active,1,1,5,16,[N/A],[N/A],[N/A]
1783618747.1357,2515,2190,68,0,56,38.03,0x0000000000000000,Not Active,Not Active,Not Active,1,1,5,16,[N/A],[N/A],[N/A]
1783618747.2363,2515,2190,68,0,56,38.03,0x0000000000000000,Not Active,Not Active,Not Active,1,1,5,16,[N/A],[N/A],[N/A]
1783618747.3366,2515,2190,68,0,56,38.03,0x0000000000000000,Not Active,Not Active,Not Active,1,1,5,16,[N/A],[N/A],[N/A]
1783618747.4365,2515,2197,95,0,60,36.67,0x0000000000000000,Not Active,Not Active,Not Active,1,1,5,16,[N/A],[N/A],[N/A]
1783618747.5368,2515,2197,95,0,60,36.67,0x0000000000000000,Not Active,Not Active,Not Active,1,1,5,16,[N/A],[N/A],[N/A]
1783618747.637,2515,2197,95,0,60,36.67,0x0000000000000000,Not Active,Not Active,Not Active,1,1,5,16,[N/A],[N/A],[N/A]
1783618747.7374,2515,2197,95,0,60,36.67,0x0000000000000000,Not Active,Not Active,Not Active,1,1,5,16,[N/A],[N/A],[N/A]
1783618747.8377,2515,2197,95,0,60,36.67,0x0000000000000000,Not Active,Not Active,Not Active,1,1,5,16,[N/A],[N/A],[N/A]
1783618747.9379,2515,2203,95,0,60,35.89,0x0000000000000000,Not Active,Not Active,Not Active,1,1,5,16,[N/A],[N/A],[N/A]
1783618748.0382,2515,2203,95,0,60,35.89,0x0000000000000000,Not Active,Not Active,Not Active,1,1,5,16,[N/A],[N/A],[N/A]
1783618748.1384,2515,2203,95,0,60,35.89,0x0000000000000000,Not Active,Not Active,Not Active,1,1,5,16,[N/A],[N/A],[N/A]
1783618748.2393,2515,2203,95,0,60,35.89,0x0000000000000000,Not Active,Not Active,Not Active,1,1,5,16,[N/A],[N/A],[N/A]
1783618748.3396,2515,2203,95,0,60,35.89,0x0000000000000000,Not Active,Not Active,Not Active,1,1,5,16,[N/A],[N/A],[N/A]
1783618748.4395,2515,2197,13,0,58,34.01,0x0000000000000000,Not Active,Not Active,Not Active,1,1,5,16,[N/A],[N/A],[N/A]
1783618748.5405,2515,2197,13,0,58,34.01,0x0000000000000000,Not Active,Not Active,Not Active,1,1,5,16,[N/A],[N/A],[N/A]
1783618748.6409,2515,2197,13,0,58,34.01,0x0000000000000000,Not Active,Not Active,Not Active,1,1,5,16,[N/A],[N/A],[N/A]
1783618748.7412,2515,2197,13,0,58,34.01,0x0000000000000000,Not Active,Not Active,Not Active,1,1,5,16,[N/A],[N/A],[N/A]
1783618748.8414,2515,2197,13,0,58,34.01,0x0000000000000000,Not Active,Not Active,Not Active,1,1,5,16,[N/A],[N/A],[N/A]
1783618748.9423,2515,2190,34,0,59,36.01,0x0000000000000000,Not Active,Not Active,Not Active,1,1,5,16,[N/A],[N/A],[N/A]
1783618749.0432,2515,2190,34,0,59,36.01,0x0000000000000000,Not Active,Not Active,Not Active,1,1,5,16,[N/A],[N/A],[N/A]
1783618749.1433,2515,2190,34,0,59,36.01,0x0000000000000000,Not Active,Not Active,Not Active,1,1,5,16,[N/A],[N/A],[N/A]
1783618749.2434,2515,2190,34,0,59,36.01,0x0000000000000000,Not Active,Not Active,Not Active,1,1,5,16,[N/A],[N/A],[N/A]
1783618749.3437,2515,2190,34,0,59,36.01,0x0000000000000000,Not Active,Not Active,Not Active,1,1,5,16,[N/A],[N/A],[N/A]
1783618749.444,2515,2184,35,0,56,37.21,0x0000000000000000,Not Active,Not Active,Not Active,1,1,5,16,[N/A],[N/A],[N/A]
1783618749.5442,2515,2184,35,0,56,37.21,0x0000000000000000,Not Active,Not Active,Not Active,1,1,5,16,[N/A],[N/A],[N/A]
1783618749.6446,2515,2184,35,0,56,37.21,0x0000000000000000,Not Active,Not Active,Not Active,1,1,5,16,[N/A],[N/A],[N/A]
1783618749.7448,2515,2184,35,0,56,37.21,0x0000000000000000,Not Active,Not Active,Not Active,1,1,5,16,[N/A],[N/A],[N/A]
1783618749.8454,2515,2184,35,0,56,37.21,0x0000000000000000,Not Active,Not Active,Not Active,1,1,5,16,[N/A],[N/A],[N/A]
1783618749.9459,2515,2184,25,0,55,37.96,0x0000000000000000,Not Active,Not Active,Not Active,1,1,5,16,[N/A],[N/A],[N/A]
1783618750.0462,2515,2184,25,0,55,37.96,0x0000000000000000,Not Active,Not Active,Not Active,1,1,5,16,[N/A],[N/A],[N/A]
1783618750.1468,2515,2184,25,0,55,37.96,0x0000000000000000,Not Active,Not Active,Not Active,1,1,5,16,[N/A],[N/A],[N/A]
1783618750.2471,2515,2184,25,0,55,37.96,0x0000000000000000,Not Active,Not Active,Not Active,1,1,5,16,[N/A],[N/A],[N/A]
1783618750.3474,2515,2184,25,0,55,37.96,0x0000000000000000,Not Active,Not Active,Not Active,1,1,5,16,[N/A],[N/A],[N/A]
1783618750.4476,2515,2190,95,0,60,40.60,0x0000000000000000,Not Active,Not Active,Not Active,1,1,5,16,[N/A],[N/A],[N/A]
1783618750.5478,2515,2190,95,0,60,40.60,0x0000000000000000,Not Active,Not Active,Not Active,1,1,5,16,[N/A],[N/A],[N/A]
1783618750.648,2515,2190,95,0,60,40.60,0x0000000000000000,Not Active,Not Active,Not Active,1,1,5,16,[N/A],[N/A],[N/A]
1783618750.7483,2515,2190,95,0,60,40.60,0x0000000000000000,Not Active,Not Active,Not Active,1,1,5,16,[N/A],[N/A],[N/A]
1783618750.8485,2515,2190,95,0,60,40.60,0x0000000000000000,Not Active,Not Active,Not Active,1,1,5,16,[N/A],[N/A],[N/A]
1783618750.9489,2515,2197,95,0,61,37.93,0x0000000000000000,Not Active,Not Active,Not Active,1,1,5,16,[N/A],[N/A],[N/A]
1783618751.0494,2515,2197,95,0,61,37.93,0x0000000000000000,Not Active,Not Active,Not Active,1,1,5,16,[N/A],[N/A],[N/A]
1783618751.1498,2515,2197,95,0,61,37.93,0x0000000000000000,Not Active,Not Active,Not Active,1,1,5,16,[N/A],[N/A],[N/A]
1783618751.2501,2515,2197,95,0,61,37.93,0x0000000000000000,Not Active,Not Active,Not Active,1,1,5,16,[N/A],[N/A],[N/A]
1783618751.3503,2515,2197,95,0,61,37.93,0x0000000000000000,Not Active,Not Active,Not Active,1,1,5,16,[N/A],[N/A],[N/A]
1783618751.4503,2515,2203,67,0,60,36.11,0x0000000000000000,Not Active,Not Active,Not Active,1,1,5,16,[N/A],[N/A],[N/A]
1783618751.5507,2515,2203,67,0,60,36.11,0x0000000000000000,Not Active,Not Active,Not Active,1,1,5,16,[N/A],[N/A],[N/A]
1783618751.6511,2515,2203,67,0,60,36.11,0x0000000000000000,Not Active,Not Active,Not Active,1,1,5,16,[N/A],[N/A],[N/A]
1783618751.7517,2515,2203,67,0,60,36.11,0x0000000000000000,Not Active,Not Active,Not Active,1,1,5,16,[N/A],[N/A],[N/A]
1783618751.852,2515,2203,67,0,60,36.11,0x0000000000000000,Not Active,Not Active,Not Active,1,1,5,16,[N/A],[N/A],[N/A]
1783618751.9524,2515,2197,85,0,60,34.86,0x0000000000000000,Not Active,Not Active,Not Active,1,1,5,16,[N/A],[N/A],[N/A]
1783618752.0526,2515,2197,85,0,60,34.86,0x0000000000000000,Not Active,Not Active,Not Active,1,1,5,16,[N/A],[N/A],[N/A]
1783618752.1527,2515,2197,85,0,60,34.86,0x0000000000000000,Not Active,Not Active,Not Active,1,1,5,16,[N/A],[N/A],[N/A]
1783618752.2531,2515,2197,85,0,60,34.86,0x0000000000000000,Not Active,Not Active,Not Active,1,1,5,16,[N/A],[N/A],[N/A]
1783618752.3537,2515,2197,85,0,60,34.86,0x0000000000000000,Not Active,Not Active,Not Active,1,1,5,16,[N/A],[N/A],[N/A]
1783618752.4541,2515,2190,3,0,55,35.68,0x0000000000000000,Not Active,Not Active,Not Active,1,1,5,16,[N/A],[N/A],[N/A]
1783618752.5543,2515,2190,3,0,55,35.68,0x0000000000000000,Not Active,Not Active,Not Active,1,1,5,16,[N/A],[N/A],[N/A]
1783618752.6544,2515,2190,3,0,55,35.68,0x0000000000000000,Not Active,Not Active,Not Active,1,1,5,16,[N/A],[N/A],[N/A]
1783618752.7549,2515,2190,3,0,55,35.68,0x0000000000000000,Not Active,Not Active,Not Active,1,1,5,16,[N/A],[N/A],[N/A]
1783618752.8553,2515,2190,3,0,55,35.68,0x0000000000000000,Not Active,Not Active,Not Active,1,1,5,16,[N/A],[N/A],[N/A]
1783618752.9556,2515,2184,2,0,55,35.85,0x0000000000000000,Not Active,Not Active,Not Active,1,1,5,16,[N/A],[N/A],[N/A]
1783618753.0558,2515,2184,2,0,55,35.85,0x0000000000000000,Not Active,Not Active,Not Active,1,1,5,16,[N/A],[N/A],[N/A]
1783618753.1564,2515,2184,2,0,55,35.85,0x0000000000000000,Not Active,Not Active,Not Active,1,1,5,16,[N/A],[N/A],[N/A]
1783618753.2567,2515,2184,2,0,55,35.85,0x0000000000000000,Not Active,Not Active,Not Active,1,1,5,16,[N/A],[N/A],[N/A]
1783618753.357,2515,2184,2,0,55,35.85,0x0000000000000000,Not Active,Not Active,Not Active,1,1,5,16,[N/A],[N/A],[N/A]
1783618753.4572,2515,2184,67,0,57,38.00,0x0000000000000000,Not Active,Not Active,Not Active,1,1,5,16,[N/A],[N/A],[N/A]
1783618753.5576,2515,2184,67,0,57,38.00,0x0000000000000000,Not Active,Not Active,Not Active,1,1,5,16,[N/A],[N/A],[N/A]
1783618753.6579,2515,2184,67,0,57,38.00,0x0000000000000000,Not Active,Not Active,Not Active,1,1,5,16,[N/A],[N/A],[N/A]
1783618753.7584,2515,2184,67,0,57,38.00,0x0000000000000000,Not Active,Not Active,Not Active,1,1,5,16,[N/A],[N/A],[N/A]
1783618753.8587,2515,2184,67,0,57,38.00,0x0000000000000000,Not Active,Not Active,Not Active,1,1,5,16,[N/A],[N/A],[N/A]
1783618753.959,2515,2190,39,0,56,40.54,0x0000000000000000,Not Active,Not Active,Not Active,1,1,5,16,[N/A],[N/A],[N/A]
1783618754.0592,2515,2190,39,0,56,40.54,0x0000000000000000,Not Active,Not Active,Not Active,1,1,5,16,[N/A],[N/A],[N/A]
1783618754.1596,2515,2190,39,0,56,40.54,0x0000000000000000,Not Active,Not Active,Not Active,1,1,5,16,[N/A],[N/A],[N/A]
1783618754.2602,2515,2190,39,0,56,40.54,0x0000000000000000,Not Active,Not Active,Not Active,1,1,5,16,[N/A],[N/A],[N/A]
1783618754.3605,2515,2190,39,0,56,40.54,0x0000000000000000,Not Active,Not Active,Not Active,1,1,5,16,[N/A],[N/A],[N/A]
1783618754.4608,2515,2197,95,0,61,40.65,0x0000000000000000,Not Active,Not Active,Not Active,1,1,5,16,[N/A],[N/A],[N/A]
1783618754.561,2515,2197,95,0,61,40.65,0x0000000000000000,Not Active,Not Active,Not Active,1,1,5,16,[N/A],[N/A],[N/A]
1783618754.6613,2515,2197,95,0,61,40.65,0x0000000000000000,Not Active,Not Active,Not Active,1,1,5,16,[N/A],[N/A],[N/A]
1783618754.7617,2515,2197,95,0,61,40.65,0x0000000000000000,Not Active,Not Active,Not Active,1,1,5,16,[N/A],[N/A],[N/A]
1783618754.8623,2515,2197,95,0,61,40.65,0x0000000000000000,Not Active,Not Active,Not Active,1,1,5,16,[N/A],[N/A],[N/A]
1783618754.9629,2515,2203,74,0,60,33.90,0x0000000000000000,Not Active,Not Active,Not Active,1,1,5,16,[N/A],[N/A],[N/A]
1783618755.0633,2515,2203,74,0,60,33.90,0x0000000000000000,Not Active,Not Active,Not Active,1,1,5,16,[N/A],[N/A],[N/A]
1783618755.1636,2515,2203,74,0,60,33.90,0x0000000000000000,Not Active,Not Active,Not Active,1,1,5,16,[N/A],[N/A],[N/A]
1783618755.2642,2515,2203,74,0,60,33.90,0x0000000000000000,Not Active,Not Active,Not Active,1,1,5,16,[N/A],[N/A],[N/A]
1783618755.3645,2515,2203,74,0,60,33.90,0x0000000000000000,Not Active,Not Active,Not Active,1,1,5,16,[N/A],[N/A],[N/A]
1783618755.4647,2515,2190,0,0,55,30.41,0x0000000000000000,Not Active,Not Active,Not Active,1,1,5,16,[N/A],[N/A],[N/A]
1783618755.5649,2515,2190,0,0,55,30.41,0x0000000000000000,Not Active,Not Active,Not Active,1,1,5,16,[N/A],[N/A],[N/A]
1783618755.6651,2515,2190,0,0,55,30.41,0x0000000000000000,Not Active,Not Active,Not Active,1,1,5,16,[N/A],[N/A],[N/A]
1783618755.7655,2515,2190,0,0,55,30.41,0x0000000000000000,Not Active,Not Active,Not Active,1,1,5,16,[N/A],[N/A],[N/A]
1783618755.8657,2515,2190,0,0,55,30.41,0x0000000000000000,Not Active,Not Active,Not Active,1,1,5,16,[N/A],[N/A],[N/A]
1783618755.9663,2515,2184,0,0,55,36.65,0x0000000000000000,Not Active,Not Active,Not Active,1,1,5,16,[N/A],[N/A],[N/A]
1783618756.0665,2515,2184,0,0,55,36.65,0x0000000000000000,Not Active,Not Active,Not Active,1,1,5,16,[N/A],[N/A],[N/A]
1783618756.1671,2515,2184,0,0,55,36.65,0x0000000000000000,Not Active,Not Active,Not Active,1,1,5,16,[N/A],[N/A],[N/A]
1783618756.2674,2515,2184,0,0,55,36.65,0x0000000000000000,Not Active,Not Active,Not Active,1,1,5,16,[N/A],[N/A],[N/A]
1783618756.3677,2515,2184,0,0,55,36.65,0x0000000000000000,Not Active,Not Active,Not Active,1,1,5,16,[N/A],[N/A],[N/A]
1783618756.4679,2515,2184,80,0,58,38.25,0x0000000000000000,Not Active,Not Active,Not Active,1,1,5,16,[N/A],[N/A],[N/A]
1783618756.5683,2515,2184,80,0,58,38.25,0x0000000000000000,Not Active,Not Active,Not Active,1,1,5,16,[N/A],[N/A],[N/A]
1783618756.6685,2515,2184,80,0,58,38.25,0x0000000000000000,Not Active,Not Active,Not Active,1,1,5,16,[N/A],[N/A],[N/A]
1783618756.7691,2515,2184,80,0,58,38.25,0x0000000000000000,Not Active,Not Active,Not Active,1,1,5,16,[N/A],[N/A],[N/A]
1783618756.8694,2515,2184,80,0,58,38.25,0x0000000000000000,Not Active,Not Active,Not Active,1,1,5,16,[N/A],[N/A],[N/A]
1783618756.9696,2515,2197,95,0,61,36.40,0x0000000000000000,Not Active,Not Active,Not Active,1,1,5,16,[N/A],[N/A],[N/A]
1783618757.07,2515,2197,95,0,61,36.40,0x0000000000000000,Not Active,Not Active,Not Active,1,1,5,16,[N/A],[N/A],[N/A]
1783618757.1702,2515,2197,95,0,61,36.40,0x0000000000000000,Not Active,Not Active,Not Active,1,1,5,16,[N/A],[N/A],[N/A]
1783618757.2705,2515,2197,95,0,61,36.40,0x0000000000000000,Not Active,Not Active,Not Active,1,1,5,16,[N/A],[N/A],[N/A]
1783618757.3712,2515,2197,95,0,61,36.40,0x0000000000000000,Not Active,Not Active,Not Active,1,1,5,16,[N/A],[N/A],[N/A]
1783618757.4715,2515,2203,32,0,59,32.54,0x0000000000000000,Not Active,Not Active,Not Active,1,1,5,16,[N/A],[N/A],[N/A]
1783618757.572,2515,2203,32,0,59,32.54,0x0000000000000000,Not Active,Not Active,Not Active,1,1,5,16,[N/A],[N/A],[N/A]
1783618757.6722,2515,2203,32,0,59,32.54,0x0000000000000000,Not Active,Not Active,Not Active,1,1,5,16,[N/A],[N/A],[N/A]
1783618757.7725,2515,2203,32,0,59,32.54,0x0000000000000000,Not Active,Not Active,Not Active,1,1,5,16,[N/A],[N/A],[N/A]
1783618757.8731,2515,2203,32,0,59,32.54,0x0000000000000000,Not Active,Not Active,Not Active,1,1,5,16,[N/A],[N/A],[N/A]
1783618757.9737,2515,2190,36,0,60,32.95,0x0000000000000000,Not Active,Not Active,Not Active,1,1,5,16,[N/A],[N/A],[N/A]
1783618758.074,2515,2190,36,0,60,32.95,0x0000000000000000,Not Active,Not Active,Not Active,1,1,5,16,[N/A],[N/A],[N/A]
1783618758.1747,2515,2190,36,0,60,32.95,0x0000000000000000,Not Active,Not Active,Not Active,1,1,5,16,[N/A],[N/A],[N/A]
1783618758.278,2515,2190,36,0,60,32.95,0x0000000000000000,Not Active,Not Active,Not Active,1,1,5,16,[N/A],[N/A],[N/A]
1783618758.3784,2515,2190,36,0,60,32.95,0x0000000000000000,Not Active,Not Active,Not Active,1,1,5,16,[N/A],[N/A],[N/A]
1783618758.479,2515,2184,33,0,56,36.23,0x0000000000000000,Not Active,Not Active,Not Active,1,1,5,16,[N/A],[N/A],[N/A]
1783618758.5793,2515,2184,33,0,56,36.23,0x0000000000000000,Not Active,Not Active,Not Active,1,1,5,16,[N/A],[N/A],[N/A]
1783618758.6799,2515,2184,33,0,56,36.23,0x0000000000000000,Not Active,Not Active,Not Active,1,1,5,16,[N/A],[N/A],[N/A]
1783618758.781,2515,2184,33,0,56,36.23,0x0000000000000000,Not Active,Not Active,Not Active,1,1,5,16,[N/A],[N/A],[N/A]
1783618758.8842,2515,2184,33,0,56,36.23,0x0000000000000000,Not Active,Not Active,Not Active,1,1,5,16,[N/A],[N/A],[N/A]
1783618758.9848,2515,2184,36,0,56,37.76,0x0000000000000000,Not Active,Not Active,Not Active,1,1,5,16,[N/A],[N/A],[N/A]
1783618759.0854,2515,2184,36,0,56,37.76,0x0000000000000000,Not Active,Not Active,Not Active,1,1,5,16,[N/A],[N/A],[N/A]
1783618759.1856,2515,2184,36,0,56,37.76,0x0000000000000000,Not Active,Not Active,Not Active,1,1,5,16,[N/A],[N/A],[N/A]
1783618759.2863,2515,2184,36,0,56,37.76,0x0000000000000000,Not Active,Not Active,Not Active,1,1,5,16,[N/A],[N/A],[N/A]
1783618759.3868,2515,2184,36,0,56,37.76,0x0000000000000000,Not Active,Not Active,Not Active,1,1,5,16,[N/A],[N/A],[N/A]
1783618759.487,2515,2197,95,0,61,40.28,0x0000000000000000,Not Active,Not Active,Not Active,1,1,5,16,[N/A],[N/A],[N/A]
1783618759.5874,2515,2197,95,0,61,40.28,0x0000000000000000,Not Active,Not Active,Not Active,1,1,5,16,[N/A],[N/A],[N/A]
1783618759.6876,2515,2197,95,0,61,40.28,0x0000000000000000,Not Active,Not Active,Not Active,1,1,5,16,[N/A],[N/A],[N/A]
1783618759.7879,2515,2197,95,0,61,40.28,0x0000000000000000,Not Active,Not Active,Not Active,1,1,5,16,[N/A],[N/A],[N/A]
1783618759.8882,2515,2203,95,0,61,51.19,0x0000000000000000,Not Active,Not Active,Not Active,1,1,5,16,[N/A],[N/A],[N/A]
1783618759.9885,2515,2203,95,0,61,37.85,0x0000000000000000,Not Active,Not Active,Not Active,1,1,5,16,[N/A],[N/A],[N/A]
1783618760.0889,2515,2203,95,0,61,37.85,0x0000000000000000,Not Active,Not Active,Not Active,1,1,5,16,[N/A],[N/A],[N/A]
1783618760.1892,2515,2203,95,0,61,37.85,0x0000000000000000,Not Active,Not Active,Not Active,1,1,5,16,[N/A],[N/A],[N/A]
1783618760.2896,2515,2203,95,0,61,37.85,0x0000000000000000,Not Active,Not Active,Not Active,1,1,5,16,[N/A],[N/A],[N/A]
1783618760.3902,2515,2197,20,0,59,34.41,0x0000000000000000,Not Active,Not Active,Not Active,1,1,5,16,[N/A],[N/A],[N/A]
1783618760.4905,2515,2197,20,0,59,34.41,0x0000000000000000,Not Active,Not Active,Not Active,1,1,5,16,[N/A],[N/A],[N/A]
1783618760.5908,2515,2197,20,0,59,34.41,0x0000000000000000,Not Active,Not Active,Not Active,1,1,5,16,[N/A],[N/A],[N/A]
1783618760.6914,2515,2197,20,0,59,34.41,0x0000000000000000,Not Active,Not Active,Not Active,1,1,5,16,[N/A],[N/A],[N/A]
1783618760.7918,2515,2197,20,0,59,34.41,0x0000000000000000,Not Active,Not Active,Not Active,1,1,5,16,[N/A],[N/A],[N/A]
1783618760.892,2515,2190,0,0,55,33.07,0x0000000000000000,Not Active,Not Active,Not Active,1,1,5,16,[N/A],[N/A],[N/A]
1783618760.9923,2515,2190,0,0,55,33.07,0x0000000000000000,Not Active,Not Active,Not Active,1,1,5,16,[N/A],[N/A],[N/A]
1783618761.0928,2515,2190,0,0,55,33.07,0x0000000000000000,Not Active,Not Active,Not Active,1,1,5,16,[N/A],[N/A],[N/A]
1783618761.1934,2515,2190,0,0,55,33.07,0x0000000000000000,Not Active,Not Active,Not Active,1,1,5,16,[N/A],[N/A],[N/A]
1783618761.294,2515,2190,0,0,55,33.07,0x0000000000000000,Not Active,Not Active,Not Active,1,1,5,16,[N/A],[N/A],[N/A]
1783618761.3942,2515,2197,95,0,61,36.29,0x0000000000000000,Not Active,Not Active,Not Active,1,1,5,16,[N/A],[N/A],[N/A]
1783618761.5004,2515,2197,95,0,61,36.29,0x0000000000000000,Not Active,Not Active,Not Active,1,1,5,16,[N/A],[N/A],[N/A]
1783618761.601,2515,2197,95,0,61,36.29,0x0000000000000000,Not Active,Not Active,Not Active,1,1,5,16,[N/A],[N/A],[N/A]
1783618761.7014,2515,2197,95,0,61,36.29,0x0000000000000000,Not Active,Not Active,Not Active,1,1,5,16,[N/A],[N/A],[N/A]
1783618761.8016,2515,2197,95,0,61,36.29,0x0000000000000000,Not Active,Not Active,Not Active,1,1,5,16,[N/A],[N/A],[N/A]
1783618761.902,2515,2203,95,0,61,37.24,0x0000000000000000,Not Active,Not Active,Not Active,1,1,5,16,[N/A],[N/A],[N/A]
1783618762.0026,2515,2203,95,0,61,37.24,0x0000000000000000,Not Active,Not Active,Not Active,1,1,5,16,[N/A],[N/A],[N/A]
1783618762.1029,2515,2203,95,0,61,37.24,0x0000000000000000,Not Active,Not Active,Not Active,1,1,5,16,[N/A],[N/A],[N/A]
1783618762.2032,2515,2203,95,0,61,37.24,0x0000000000000000,Not Active,Not Active,Not Active,1,1,5,16,[N/A],[N/A],[N/A]
1783618762.3036,2515,2203,95,0,61,37.24,0x0000000000000000,Not Active,Not Active,Not Active,1,1,5,16,[N/A],[N/A],[N/A]
1783618762.404,2515,2197,1,0,55,32.64,0x0000000000000000,Not Active,Not Active,Not Active,1,1,5,16,[N/A],[N/A],[N/A]
1783618762.5043,2515,2197,1,0,55,32.64,0x0000000000000000,Not Active,Not Active,Not Active,1,1,5,16,[N/A],[N/A],[N/A]
1783618762.6046,2515,2197,1,0,55,32.64,0x0000000000000000,Not Active,Not Active,Not Active,1,1,5,16,[N/A],[N/A],[N/A]
1783618762.7057,2515,2197,1,0,55,32.64,0x0000000000000000,Not Active,Not Active,Not Active,1,1,5,16,[N/A],[N/A],[N/A]
1783618762.8057,2515,2197,1,0,55,32.64,0x0000000000000000,Not Active,Not Active,Not Active,1,1,5,16,[N/A],[N/A],[N/A]
1783618762.9064,2515,2184,0,0,56,33.61,0x0000000000000000,Not Active,Not Active,Not Active,1,1,5,16,[N/A],[N/A],[N/A]
1783618763.0066,2515,2184,0,0,56,33.61,0x0000000000000000,Not Active,Not Active,Not Active,1,1,5,16,[N/A],[N/A],[N/A]
1783618763.107,2515,2184,0,0,56,33.61,0x0000000000000000,Not Active,Not Active,Not Active,1,1,5,16,[N/A],[N/A],[N/A]
1783618763.2073,2515,2184,0,0,56,33.61,0x0000000000000000,Not Active,Not Active,Not Active,1,1,5,16,[N/A],[N/A],[N/A]
1783618763.3078,2515,2184,0,0,56,33.61,0x0000000000000000,Not Active,Not Active,Not Active,1,1,5,16,[N/A],[N/A],[N/A]
1783618763.4088,2515,2184,77,0,58,38.36,0x0000000000000000,Not Active,Not Active,Not Active,1,1,5,16,[N/A],[N/A],[N/A]
1783618763.5092,2515,2184,77,0,58,38.36,0x0000000000000000,Not Active,Not Active,Not Active,1,1,5,16,[N/A],[N/A],[N/A]
1783618763.6095,2515,2184,77,0,58,38.36,0x0000000000000000,Not Active,Not Active,Not Active,1,1,5,16,[N/A],[N/A],[N/A]
1783618763.7098,2515,2184,77,0,58,38.36,0x0000000000000000,Not Active,Not Active,Not Active,1,1,5,16,[N/A],[N/A],[N/A]
1783618763.8101,2515,2184,77,0,58,38.36,0x0000000000000000,Not Active,Not Active,Not Active,1,1,5,16,[N/A],[N/A],[N/A]
1783618763.9105,2515,2190,79,0,58,40.50,0x0000000000000000,Not Active,Not Active,Not Active,1,1,5,16,[N/A],[N/A],[N/A]
1783618764.0108,2515,2190,79,0,58,40.50,0x0000000000000000,Not Active,Not Active,Not Active,1,1,5,16,[N/A],[N/A],[N/A]
1783618764.1111,2515,2190,79,0,58,40.50,0x0000000000000000,Not Active,Not Active,Not Active,1,1,5,16,[N/A],[N/A],[N/A]
1783618764.2115,2515,2190,79,0,58,40.50,0x0000000000000000,Not Active,Not Active,Not Active,1,1,5,16,[N/A],[N/A],[N/A]
1783618764.3118,2515,2190,79,0,58,40.50,0x0000000000000000,Not Active,Not Active,Not Active,1,1,5,16,[N/A],[N/A],[N/A]
1783618764.4122,2515,2203,72,0,61,35.34,0x0000000000000000,Not Active,Not Active,Not Active,1,1,5,16,[N/A],[N/A],[N/A]
1783618764.5128,2515,2203,72,0,61,35.34,0x0000000000000000,Not Active,Not Active,Not Active,1,1,5,16,[N/A],[N/A],[N/A]
1783618764.6129,2515,2203,72,0,61,35.34,0x0000000000000000,Not Active,Not Active,Not Active,1,1,5,16,[N/A],[N/A],[N/A]
1783618764.7133,2515,2203,72,0,61,35.34,0x0000000000000000,Not Active,Not Active,Not Active,1,1,5,16,[N/A],[N/A],[N/A]
1783618764.8138,2515,2203,72,0,61,35.34,0x0000000000000000,Not Active,Not Active,Not Active,1,1,5,16,[N/A],[N/A],[N/A]
1783618764.9144,2515,2197,91,0,61,35.66,0x0000000000000000,Not Active,Not Active,Not Active,1,1,5,16,[N/A],[N/A],[N/A]
1783618765.0146,2515,2197,91,0,61,35.66,0x0000000000000000,Not Active,Not Active,Not Active,1,1,5,16,[N/A],[N/A],[N/A]
1783618765.1148,2515,2197,91,0,61,35.66,0x0000000000000000,Not Active,Not Active,Not Active,1,1,5,16,[N/A],[N/A],[N/A]
1783618765.2151,2515,2197,91,0,61,35.66,0x0000000000000000,Not Active,Not Active,Not Active,1,1,5,16,[N/A],[N/A],[N/A]
1783618765.3155,2515,2197,91,0,61,35.66,0x0000000000000000,Not Active,Not Active,Not Active,1,1,5,16,[N/A],[N/A],[N/A]
1783618765.4158,2515,2190,0,0,55,34.54,0x0000000000000000,Not Active,Not Active,Not Active,1,1,5,16,[N/A],[N/A],[N/A]
1783618765.5162,2515,2190,0,0,55,34.54,0x0000000000000000,Not Active,Not Active,Not Active,1,1,5,16,[N/A],[N/A],[N/A]
1783618765.6168,2515,2190,0,0,55,34.54,0x0000000000000000,Not Active,Not Active,Not Active,1,1,5,16,[N/A],[N/A],[N/A]
1783618765.7169,2515,2190,0,0,55,34.54,0x0000000000000000,Not Active,Not Active,Not Active,1,1,5,16,[N/A],[N/A],[N/A]
1783618765.8178,2515,2190,0,0,55,34.54,0x0000000000000000,Not Active,Not Active,Not Active,1,1,5,16,[N/A],[N/A],[N/A]
1783618765.9182,2515,2184,8,0,56,33.92,0x0000000000000000,Not Active,Not Active,Not Active,1,1,5,16,[N/A],[N/A],[N/A]
1783618766.0188,2515,2184,8,0,56,33.92,0x0000000000000000,Not Active,Not Active,Not Active,1,1,5,16,[N/A],[N/A],[N/A]
1783618766.1193,2515,2184,8,0,56,33.92,0x0000000000000000,Not Active,Not Active,Not Active,1,1,5,16,[N/A],[N/A],[N/A]
1783618766.2196,2515,2184,8,0,56,33.92,0x0000000000000000,Not Active,Not Active,Not Active,1,1,5,16,[N/A],[N/A],[N/A]
1783618766.3197,2515,2184,8,0,56,33.92,0x0000000000000000,Not Active,Not Active,Not Active,1,1,5,16,[N/A],[N/A],[N/A]
1783618766.42,2515,2203,61,0,60,35.33,0x0000000000000000,Not Active,Not Active,Not Active,1,1,5,16,[N/A],[N/A],[N/A]
1783618766.5202,2515,2203,61,0,60,35.33,0x0000000000000000,Not Active,Not Active,Not Active,1,1,5,16,[N/A],[N/A],[N/A]
1783618766.6212,2515,2203,61,0,60,35.33,0x0000000000000000,Not Active,Not Active,Not Active,1,1,5,16,[N/A],[N/A],[N/A]
1783618766.7215,2515,2203,61,0,60,35.33,0x0000000000000000,Not Active,Not Active,Not Active,1,1,5,16,[N/A],[N/A],[N/A]
1783618766.8218,2515,2203,61,0,60,35.33,0x0000000000000000,Not Active,Not Active,Not Active,1,1,5,16,[N/A],[N/A],[N/A]
1783618766.922,2515,2197,67,0,61,31.67,0x0000000000000000,Not Active,Not Active,Not Active,1,1,5,16,[N/A],[N/A],[N/A]
1783618767.0222,2515,2197,67,0,61,31.67,0x0000000000000000,Not Active,Not Active,Not Active,1,1,5,16,[N/A],[N/A],[N/A]
1783618767.1226,2515,2197,67,0,61,31.67,0x0000000000000000,Not Active,Not Active,Not Active,1,1,5,16,[N/A],[N/A],[N/A]
1783618767.2228,2515,2197,67,0,61,31.67,0x0000000000000000,Not Active,Not Active,Not Active,1,1,5,16,[N/A],[N/A],[N/A]
1783618767.3231,2515,2197,67,0,61,31.67,0x0000000000000000,Not Active,Not Active,Not Active,1,1,5,16,[N/A],[N/A],[N/A]
1783618767.4233,2515,2190,2,0,56,34.37,0x0000000000000000,Not Active,Not Active,Not Active,1,1,5,16,[N/A],[N/A],[N/A]
1783618767.5236,2515,2190,2,0,56,34.37,0x0000000000000000,Not Active,Not Active,Not Active,1,1,5,16,[N/A],[N/A],[N/A]
1783618767.6239,2515,2190,2,0,56,34.37,0x0000000000000000,Not Active,Not Active,Not Active,1,1,5,16,[N/A],[N/A],[N/A]
1783618767.7246,2515,2190,2,0,56,34.37,0x0000000000000000,Not Active,Not Active,Not Active,1,1,5,16,[N/A],[N/A],[N/A]
1783618767.8249,2515,2190,2,0,56,34.37,0x0000000000000000,Not Active,Not Active,Not Active,1,1,5,16,[N/A],[N/A],[N/A]
1783618767.9252,2515,2184,0,0,56,35.45,0x0000000000000000,Not Active,Not Active,Not Active,1,1,5,16,[N/A],[N/A],[N/A]
1783618768.0255,2515,2184,0,0,56,35.45,0x0000000000000000,Not Active,Not Active,Not Active,1,1,5,16,[N/A],[N/A],[N/A]
1783618768.1259,2515,2184,0,0,56,35.45,0x0000000000000000,Not Active,Not Active,Not Active,1,1,5,16,[N/A],[N/A],[N/A]
1783618768.2262,2515,2184,0,0,56,35.45,0x0000000000000000,Not Active,Not Active,Not Active,1,1,5,16,[N/A],[N/A],[N/A]
1783618768.3264,2515,2184,0,0,56,35.45,0x0000000000000000,Not Active,Not Active,Not Active,1,1,5,16,[N/A],[N/A],[N/A]
1783618768.4268,2515,2184,81,0,58,38.05,0x0000000000000000,Not Active,Not Active,Not Active,1,1,5,16,[N/A],[N/A],[N/A]
1783618768.527,2515,2184,81,0,58,38.05,0x0000000000000000,Not Active,Not Active,Not Active,1,1,5,16,[N/A],[N/A],[N/A]
1783618768.6281,2515,2184,81,0,58,38.05,0x0000000000000000,Not Active,Not Active,Not Active,1,1,5,16,[N/A],[N/A],[N/A]
1783618768.7291,2515,2184,81,0,58,38.05,0x0000000000000000,Not Active,Not Active,Not Active,1,1,5,16,[N/A],[N/A],[N/A]
1783618768.8293,2515,2184,81,0,58,38.05,0x0000000000000000,Not Active,Not Active,Not Active,1,1,5,16,[N/A],[N/A],[N/A]
1783618768.9294,2515,2190,59,0,57,40.22,0x0000000000000000,Not Active,Not Active,Not Active,1,1,5,16,[N/A],[N/A],[N/A]
1783618769.0298,2515,2190,59,0,57,40.22,0x0000000000000000,Not Active,Not Active,Not Active,1,1,5,16,[N/A],[N/A],[N/A]
1783618769.1301,2515,2190,59,0,57,40.22,0x0000000000000000,Not Active,Not Active,Not Active,1,1,5,16,[N/A],[N/A],[N/A]
1783618769.2305,2515,2190,59,0,57,40.22,0x0000000000000000,Not Active,Not Active,Not Active,1,1,5,16,[N/A],[N/A],[N/A]
1783618769.3307,2515,2190,59,0,57,40.22,0x0000000000000000,Not Active,Not Active,Not Active,1,1,5,16,[N/A],[N/A],[N/A]
1783618769.4315,2515,2197,95,0,61,39.91,0x0000000000000000,Not Active,Not Active,Not Active,1,1,5,16,[N/A],[N/A],[N/A]
1783618769.5318,2515,2197,95,0,61,39.91,0x0000000000000000,Not Active,Not Active,Not Active,1,1,5,16,[N/A],[N/A],[N/A]
1783618769.6349,2515,2197,95,0,61,39.91,0x0000000000000000,Not Active,Not Active,Not Active,1,1,5,16,[N/A],[N/A],[N/A]
1783618769.7355,2515,2197,95,0,61,39.91,0x0000000000000000,Not Active,Not Active,Not Active,1,1,5,16,[N/A],[N/A],[N/A]
1783618769.8358,2515,2197,95,0,61,39.91,0x0000000000000000,Not Active,Not Active,Not Active,1,1,5,16,[N/A],[N/A],[N/A]
1783618769.9362,2515,2203,56,0,60,32.48,0x0000000000000000,Not Active,Not Active,Not Active,1,1,5,16,[N/A],[N/A],[N/A]
1783618770.0365,2515,2203,56,0,60,32.48,0x0000000000000000,Not Active,Not Active,Not Active,1,1,5,16,[N/A],[N/A],[N/A]
1783618770.1371,2515,2203,56,0,60,32.48,0x0000000000000000,Not Active,Not Active,Not Active,1,1,5,16,[N/A],[N/A],[N/A]
1783618770.2377,2515,2203,56,0,60,32.48,0x0000000000000000,Not Active,Not Active,Not Active,1,1,5,16,[N/A],[N/A],[N/A]
1783618770.3381,2515,2203,56,0,60,32.48,0x0000000000000000,Not Active,Not Active,Not Active,1,1,5,16,[N/A],[N/A],[N/A]
1783618770.4384,2515,2190,14,0,56,30.08,0x0000000000000000,Not Active,Not Active,Not Active,1,1,5,16,[N/A],[N/A],[N/A]
1783618770.539,2515,2190,14,0,56,30.08,0x0000000000000000,Not Active,Not Active,Not Active,1,1,5,16,[N/A],[N/A],[N/A]
1783618770.6393,2515,2190,14,0,56,30.08,0x0000000000000000,Not Active,Not Active,Not Active,1,1,5,16,[N/A],[N/A],[N/A]
1783618770.7396,2515,2190,14,0,56,30.08,0x0000000000000000,Not Active,Not Active,Not Active,1,1,5,16,[N/A],[N/A],[N/A]
1783618770.8399,2515,2190,14,0,56,30.08,0x0000000000000000,Not Active,Not Active,Not Active,1,1,5,16,[N/A],[N/A],[N/A]
1783618770.9403,2515,2184,8,0,56,38.03,0x0000000000000000,Not Active,Not Active,Not Active,1,1,5,16,[N/A],[N/A],[N/A]
1783618771.0409,2515,2184,8,0,56,38.03,0x0000000000000000,Not Active,Not Active,Not Active,1,1,5,16,[N/A],[N/A],[N/A]
1783618771.1412,2515,2184,8,0,56,38.03,0x0000000000000000,Not Active,Not Active,Not Active,1,1,5,16,[N/A],[N/A],[N/A]
1783618771.2416,2515,2184,8,0,56,38.03,0x0000000000000000,Not Active,Not Active,Not Active,1,1,5,16,[N/A],[N/A],[N/A]
1783618771.3419,2515,2184,8,0,56,38.03,0x0000000000000000,Not Active,Not Active,Not Active,1,1,5,16,[N/A],[N/A],[N/A]
1783618771.4425,2515,2184,64,0,57,39.21,0x0000000000000000,Not Active,Not Active,Not Active,1,1,5,16,[N/A],[N/A],[N/A]
1783618771.5428,2515,2184,64,0,57,39.21,0x0000000000000000,Not Active,Not Active,Not Active,1,1,5,16,[N/A],[N/A],[N/A]
1783618771.6431,2515,2184,64,0,57,39.21,0x0000000000000000,Not Active,Not Active,Not Active,1,1,5,16,[N/A],[N/A],[N/A]
1783618771.7435,2515,2184,64,0,57,39.21,0x0000000000000000,Not Active,Not Active,Not Active,1,1,5,16,[N/A],[N/A],[N/A]
1783618771.8438,2515,2184,64,0,57,39.21,0x0000000000000000,Not Active,Not Active,Not Active,1,1,5,16,[N/A],[N/A],[N/A]
1783618771.9441,2515,2197,84,0,60,38.33,0x0000000000000000,Not Active,Not Active,Not Active,1,1,5,16,[N/A],[N/A],[N/A]
1783618772.0446,2515,2197,84,0,60,38.33,0x0000000000000000,Not Active,Not Active,Not Active,1,1,5,16,[N/A],[N/A],[N/A]
1783618772.1452,2515,2197,84,0,60,38.33,0x0000000000000000,Not Active,Not Active,Not Active,1,1,5,16,[N/A],[N/A],[N/A]
1783618772.2458,2515,2197,84,0,60,38.33,0x0000000000000000,Not Active,Not Active,Not Active,1,1,5,16,[N/A],[N/A],[N/A]
1783618772.3461,2515,2197,84,0,60,38.33,0x0000000000000000,Not Active,Not Active,Not Active,1,1,5,16,[N/A],[N/A],[N/A]
1783618772.4467,2515,2203,66,0,61,34.96,0x0000000000000000,Not Active,Not Active,Not Active,1,1,5,16,[N/A],[N/A],[N/A]
1783618772.5471,2515,2203,66,0,61,34.96,0x0000000000000000,Not Active,Not Active,Not Active,1,1,5,16,[N/A],[N/A],[N/A]
1783618772.6474,2515,2203,66,0,61,34.96,0x0000000000000000,Not Active,Not Active,Not Active,1,1,5,16,[N/A],[N/A],[N/A]
1783618772.748,2515,2203,66,0,61,34.96,0x0000000000000000,Not Active,Not Active,Not Active,1,1,5,16,[N/A],[N/A],[N/A]
1783618772.8482,2515,2203,66,0,61,34.96,0x0000000000000000,Not Active,Not Active,Not Active,1,1,5,16,[N/A],[N/A],[N/A]
1783618772.9485,2515,2197,74,0,61,33.90,0x0000000000000000,Not Active,Not Active,Not Active,1,1,5,16,[N/A],[N/A],[N/A]
1783618773.0487,2515,2197,74,0,61,33.90,0x0000000000000000,Not Active,Not Active,Not Active,1,1,5,16,[N/A],[N/A],[N/A]
1783618773.1491,2515,2197,74,0,61,33.90,0x0000000000000000,Not Active,Not Active,Not Active,1,1,5,16,[N/A],[N/A],[N/A]
1783618773.2502,2515,2197,74,0,61,33.90,0x0000000000000000,Not Active,Not Active,Not Active,1,1,5,16,[N/A],[N/A],[N/A]
1783618773.3506,2515,2197,74,0,61,33.90,0x0000000000000000,Not Active,Not Active,Not Active,1,1,5,16,[N/A],[N/A],[N/A]
1783618773.4508,2515,2190,0,0,56,34.64,0x0000000000000000,Not Active,Not Active,Not Active,1,1,5,16,[N/A],[N/A],[N/A]
1783618773.5511,2515,2190,0,0,56,34.64,0x0000000000000000,Not Active,Not Active,Not Active,1,1,5,16,[N/A],[N/A],[N/A]
1783618773.6514,2515,2190,0,0,56,34.64,0x0000000000000000,Not Active,Not Active,Not Active,1,1,5,16,[N/A],[N/A],[N/A]
1783618773.7554,2515,2190,0,0,56,34.64,0x0000000000000000,Not Active,Not Active,Not Active,1,1,5,16,[N/A],[N/A],[N/A]
1783618773.8563,2515,2190,0,0,56,34.64,0x0000000000000000,Not Active,Not Active,Not Active,1,1,5,16,[N/A],[N/A],[N/A]
1783618773.9564,2515,2184,1,0,56,35.29,0x0000000000000000,Not Active,Not Active,Not Active,1,1,5,16,[N/A],[N/A],[N/A]
1783618774.057,2515,2184,1,0,56,35.29,0x0000000000000000,Not Active,Not Active,Not Active,1,1,5,16,[N/A],[N/A],[N/A]
1783618774.1573,2515,2184,1,0,56,35.29,0x0000000000000000,Not Active,Not Active,Not Active,1,1,5,16,[N/A],[N/A],[N/A]
1783618774.2573,2515,2184,1,0,56,35.29,0x0000000000000000,Not Active,Not Active,Not Active,1,1,5,16,[N/A],[N/A],[N/A]
1783618774.3575,2515,2184,1,0,56,35.29,0x0000000000000000,Not Active,Not Active,Not Active,1,1,5,16,[N/A],[N/A],[N/A]
1783618774.4581,2515,2184,73,0,57,38.44,0x0000000000000000,Not Active,Not Active,Not Active,1,1,5,16,[N/A],[N/A],[N/A]
1783618774.5582,2515,2184,73,0,57,38.44,0x0000000000000000,Not Active,Not Active,Not Active,1,1,5,16,[N/A],[N/A],[N/A]
1783618774.6588,2515,2184,73,0,57,38.44,0x0000000000000000,Not Active,Not Active,Not Active,1,1,5,16,[N/A],[N/A],[N/A]
1783618774.7588,2515,2184,73,0,57,38.44,0x0000000000000000,Not Active,Not Active,Not Active,1,1,5,16,[N/A],[N/A],[N/A]
1783618774.859,2515,2184,73,0,57,38.44,0x0000000000000000,Not Active,Not Active,Not Active,1,1,5,16,[N/A],[N/A],[N/A]
1783618774.9594,2515,2190,68,0,57,38.36,0x0000000000000000,Not Active,Not Active,Not Active,1,1,5,16,[N/A],[N/A],[N/A]
1783618775.0597,2515,2190,68,0,57,38.36,0x0000000000000000,Not Active,Not Active,Not Active,1,1,5,16,[N/A],[N/A],[N/A]
1783618775.1601,2515,2190,68,0,57,38.36,0x0000000000000000,Not Active,Not Active,Not Active,1,1,5,16,[N/A],[N/A],[N/A]
1783618775.2602,2515,2190,68,0,57,38.36,0x0000000000000000,Not Active,Not Active,Not Active,1,1,5,16,[N/A],[N/A],[N/A]
1783618775.3605,2515,2190,68,0,57,38.36,0x0000000000000000,Not Active,Not Active,Not Active,1,1,5,16,[N/A],[N/A],[N/A]
1783618775.4608,2515,2197,95,0,61,39.29,0x0000000000000000,Not Active,Not Active,Not Active,1,1,5,16,[N/A],[N/A],[N/A]
1783618775.5614,2515,2197,95,0,61,39.29,0x0000000000000000,Not Active,Not Active,Not Active,1,1,5,16,[N/A],[N/A],[N/A]
1783618775.6617,2515,2197,95,0,61,39.29,0x0000000000000000,Not Active,Not Active,Not Active,1,1,5,16,[N/A],[N/A],[N/A]
1783618775.7621,2515,2197,95,0,61,39.29,0x0000000000000000,Not Active,Not Active,Not Active,1,1,5,16,[N/A],[N/A],[N/A]
1783618775.8624,2515,2197,95,0,61,39.29,0x0000000000000000,Not Active,Not Active,Not Active,1,1,5,16,[N/A],[N/A],[N/A]
1783618775.9629,2515,2203,95,0,61,36.15,0x0000000000000000,Not Active,Not Active,Not Active,1,1,5,16,[N/A],[N/A],[N/A]
1783618776.0639,2515,2203,95,0,61,36.15,0x0000000000000000,Not Active,Not Active,Not Active,1,1,5,16,[N/A],[N/A],[N/A]
1783618776.164,2515,2203,95,0,61,36.15,0x0000000000000000,Not Active,Not Active,Not Active,1,1,5,16,[N/A],[N/A],[N/A]
1783618776.2646,2515,2203,95,0,61,36.15,0x0000000000000000,Not Active,Not Active,Not Active,1,1,5,16,[N/A],[N/A],[N/A]
1783618776.3649,2515,2203,95,0,61,36.15,0x0000000000000000,Not Active,Not Active,Not Active,1,1,5,16,[N/A],[N/A],[N/A]
1783618776.4649,2515,2197,12,0,58,35.51,0x0000000000000000,Not Active,Not Active,Not Active,1,1,5,16,[N/A],[N/A],[N/A]
1783618776.5652,2515,2197,12,0,58,35.51,0x0000000000000000,Not Active,Not Active,Not Active,1,1,5,16,[N/A],[N/A],[N/A]
1783618776.6654,2515,2197,12,0,58,35.51,0x0000000000000000,Not Active,Not Active,Not Active,1,1,5,16,[N/A],[N/A],[N/A]
1783618776.7657,2515,2197,12,0,58,35.51,0x0000000000000000,Not Active,Not Active,Not Active,1,1,5,16,[N/A],[N/A],[N/A]
1783618776.8659,2515,2197,12,0,58,35.51,0x0000000000000000,Not Active,Not Active,Not Active,1,1,5,16,[N/A],[N/A],[N/A]
1783618776.9663,2515,2190,0,0,56,34.35,0x0000000000000000,Not Active,Not Active,Not Active,1,1,5,16,[N/A],[N/A],[N/A]
1783618777.0666,2515,2190,0,0,56,34.35,0x0000000000000000,Not Active,Not Active,Not Active,1,1,5,16,[N/A],[N/A],[N/A]
1783618777.1669,2515,2190,0,0,56,34.35,0x0000000000000000,Not Active,Not Active,Not Active,1,1,5,16,[N/A],[N/A],[N/A]
1783618777.2671,2515,2190,0,0,56,34.35,0x0000000000000000,Not Active,Not Active,Not Active,1,1,5,16,[N/A],[N/A],[N/A]
1783618777.3721,2515,2190,0,0,56,34.35,0x0000000000000000,Not Active,Not Active,Not Active,1,1,5,16,[N/A],[N/A],[N/A]
1783618777.4723,2515,2190,95,0,61,35.97,0x0000000000000000,Not Active,Not Active,Not Active,1,1,5,16,[N/A],[N/A],[N/A]
1783618777.5726,2515,2190,95,0,61,35.97,0x0000000000000000,Not Active,Not Active,Not Active,1,1,5,16,[N/A],[N/A],[N/A]
1783618777.6729,2515,2190,95,0,61,35.97,0x0000000000000000,Not Active,Not Active,Not Active,1,1,5,16,[N/A],[N/A],[N/A]
1783618777.7731,2515,2190,95,0,61,35.97,0x0000000000000000,Not Active,Not Active,Not Active,1,1,5,16,[N/A],[N/A],[N/A]
1783618777.8741,2515,2190,95,0,61,35.97,0x0000000000000000,Not Active,Not Active,Not Active,1,1,5,16,[N/A],[N/A],[N/A]
1783618777.974,2515,2190,75,0,58,40.21,0x0000000000000000,Not Active,Not Active,Not Active,1,1,5,16,[N/A],[N/A],[N/A]
1783618778.0745,2515,2190,75,0,58,40.21,0x0000000000000000,Not Active,Not Active,Not Active,1,1,5,16,[N/A],[N/A],[N/A]
1783618778.1749,2515,2190,75,0,58,40.21,0x0000000000000000,Not Active,Not Active,Not Active,1,1,5,16,[N/A],[N/A],[N/A]
1783618778.2751,2515,2190,75,0,58,40.21,0x0000000000000000,Not Active,Not Active,Not Active,1,1,5,16,[N/A],[N/A],[N/A]
1783618778.3753,2515,2190,75,0,58,40.21,0x0000000000000000,Not Active,Not Active,Not Active,1,1,5,16,[N/A],[N/A],[N/A]
1783618778.4758,2515,2197,94,0,61,37.42,0x0000000000000000,Not Active,Not Active,Not Active,1,1,5,16,[N/A],[N/A],[N/A]
1783618778.5758,2515,2197,94,0,61,37.42,0x0000000000000000,Not Active,Not Active,Not Active,1,1,5,16,[N/A],[N/A],[N/A]
1783618778.6761,2515,2197,94,0,61,37.42,0x0000000000000000,Not Active,Not Active,Not Active,1,1,5,16,[N/A],[N/A],[N/A]
1783618778.7764,2515,2197,94,0,61,37.42,0x0000000000000000,Not Active,Not Active,Not Active,1,1,5,16,[N/A],[N/A],[N/A]
1783618778.8767,2515,2197,94,0,61,37.42,0x0000000000000000,Not Active,Not Active,Not Active,1,1,5,16,[N/A],[N/A],[N/A]
1783618778.977,2515,2203,91,0,61,35.29,0x0000000000000000,Not Active,Not Active,Not Active,1,1,5,16,[N/A],[N/A],[N/A]
1783618779.0772,2515,2203,91,0,61,35.29,0x0000000000000000,Not Active,Not Active,Not Active,1,1,5,16,[N/A],[N/A],[N/A]
1783618779.1776,2515,2203,91,0,61,35.29,0x0000000000000000,Not Active,Not Active,Not Active,1,1,5,16,[N/A],[N/A],[N/A]
1783618779.2781,2515,2203,91,0,61,35.29,0x0000000000000000,Not Active,Not Active,Not Active,1,1,5,16,[N/A],[N/A],[N/A]
1783618779.3782,2515,2203,91,0,61,35.29,0x0000000000000000,Not Active,Not Active,Not Active,1,1,5,16,[N/A],[N/A],[N/A]
1783618779.4784,2515,2190,0,0,56,31.39,0x0000000000000000,Not Active,Not Active,Not Active,1,1,5,16,[N/A],[N/A],[N/A]
1783618779.5787,2515,2190,0,0,56,31.39,0x0000000000000000,Not Active,Not Active,Not Active,1,1,5,16,[N/A],[N/A],[N/A]
1783618779.679,2515,2190,0,0,56,31.39,0x0000000000000000,Not Active,Not Active,Not Active,1,1,5,16,[N/A],[N/A],[N/A]
1783618779.7793,2515,2190,0,0,56,31.39,0x0000000000000000,Not Active,Not Active,Not Active,1,1,5,16,[N/A],[N/A],[N/A]
1783618779.8795,2515,2190,0,0,56,31.39,0x0000000000000000,Not Active,Not Active,Not Active,1,1,5,16,[N/A],[N/A],[N/A]
1783618779.9797,2515,2184,4,0,56,33.90,0x0000000000000000,Not Active,Not Active,Not Active,1,1,5,16,[N/A],[N/A],[N/A]
1783618780.08,2515,2184,4,0,56,33.90,0x0000000000000000,Not Active,Not Active,Not Active,1,1,5,16,[N/A],[N/A],[N/A]
1783618780.1803,2515,2184,4,0,56,33.90,0x0000000000000000,Not Active,Not Active,Not Active,1,1,5,16,[N/A],[N/A],[N/A]
1783618780.2807,2515,2184,4,0,56,33.90,0x0000000000000000,Not Active,Not Active,Not Active,1,1,5,16,[N/A],[N/A],[N/A]
1783618780.3808,2515,2184,4,0,56,33.90,0x0000000000000000,Not Active,Not Active,Not Active,1,1,5,16,[N/A],[N/A],[N/A]
1783618780.4814,2515,2190,95,0,62,38.41,0x0000000000000000,Not Active,Not Active,Not Active,1,1,5,16,[N/A],[N/A],[N/A]
1783618780.5817,2515,2190,95,0,62,38.41,0x0000000000000000,Not Active,Not Active,Not Active,1,1,5,16,[N/A],[N/A],[N/A]
1783618780.6821,2515,2190,95,0,62,38.41,0x0000000000000000,Not Active,Not Active,Not Active,1,1,5,16,[N/A],[N/A],[N/A]
1783618780.7827,2515,2190,95,0,62,38.41,0x0000000000000000,Not Active,Not Active,Not Active,1,1,5,16,[N/A],[N/A],[N/A]
1783618780.883,2515,2190,95,0,62,38.41,0x0000000000000000,Not Active,Not Active,Not Active,1,1,5,16,[N/A],[N/A],[N/A]
1783618780.9833,2515,2203,95,0,61,34.19,0x0000000000000000,Not Active,Not Active,Not Active,1,1,5,16,[N/A],[N/A],[N/A]
1783618781.0836,2515,2203,95,0,61,34.19,0x0000000000000000,Not Active,Not Active,Not Active,1,1,5,16,[N/A],[N/A],[N/A]
1783618781.1838,2515,2203,95,0,61,34.19,0x0000000000000000,Not Active,Not Active,Not Active,1,1,5,16,[N/A],[N/A],[N/A]
1783618781.2841,2515,2203,95,0,61,34.19,0x0000000000000000,Not Active,Not Active,Not Active,1,1,5,16,[N/A],[N/A],[N/A]
1783618781.3844,2515,2203,95,0,61,34.19,0x0000000000000000,Not Active,Not Active,Not Active,1,1,5,16,[N/A],[N/A],[N/A]
1783618781.4848,2515,2190,1,0,56,31.97,0x0000000000000000,Not Active,Not Active,Not Active,1,1,5,16,[N/A],[N/A],[N/A]
1783618781.585,2515,2190,1,0,56,31.97,0x0000000000000000,Not Active,Not Active,Not Active,1,1,5,16,[N/A],[N/A],[N/A]
1783618781.6852,2515,2190,1,0,56,31.97,0x0000000000000000,Not Active,Not Active,Not Active,1,1,5,16,[N/A],[N/A],[N/A]
1783618781.7858,2515,2190,1,0,56,31.97,0x0000000000000000,Not Active,Not Active,Not Active,1,1,5,16,[N/A],[N/A],[N/A]
1783618781.886,2515,2190,1,0,56,31.97,0x0000000000000000,Not Active,Not Active,Not Active,1,1,5,16,[N/A],[N/A],[N/A]
1783618781.9863,2515,2184,0,0,56,33.33,0x0000000000000000,Not Active,Not Active,Not Active,1,1,5,16,[N/A],[N/A],[N/A]
1783618782.0867,2515,2184,0,0,56,33.33,0x0000000000000000,Not Active,Not Active,Not Active,1,1,5,16,[N/A],[N/A],[N/A]
1783618782.187,2515,2184,0,0,56,33.33,0x0000000000000000,Not Active,Not Active,Not Active,1,1,5,16,[N/A],[N/A],[N/A]
1783618782.2873,2515,2184,0,0,56,33.33,0x0000000000000000,Not Active,Not Active,Not Active,1,1,5,16,[N/A],[N/A],[N/A]
1783618782.3877,2515,2184,0,0,56,33.33,0x0000000000000000,Not Active,Not Active,Not Active,1,1,5,16,[N/A],[N/A],[N/A]
1783618782.4879,2515,2190,95,0,61,38.30,0x0000000000000000,Not Active,Not Active,Not Active,1,1,5,16,[N/A],[N/A],[N/A]
1783618782.5881,2515,2190,95,0,61,38.30,0x0000000000000000,Not Active,Not Active,Not Active,1,1,5,16,[N/A],[N/A],[N/A]
1783618782.6884,2515,2190,95,0,61,38.30,0x0000000000000000,Not Active,Not Active,Not Active,1,1,5,16,[N/A],[N/A],[N/A]
1783618782.7886,2515,2190,95,0,61,38.30,0x0000000000000000,Not Active,Not Active,Not Active,1,1,5,16,[N/A],[N/A],[N/A]
1783618782.8889,2515,2190,95,0,61,38.30,0x0000000000000000,Not Active,Not Active,Not Active,1,1,5,16,[N/A],[N/A],[N/A]
1783618782.9891,2515,2203,95,0,61,37.08,0x0000000000000000,Not Active,Not Active,Not Active,1,1,5,16,[N/A],[N/A],[N/A]
1783618783.0971,2515,2203,95,0,61,37.08,0x0000000000000000,Not Active,Not Active,Not Active,1,1,5,16,[N/A],[N/A],[N/A]
1783618783.1977,2515,2203,95,0,61,37.08,0x0000000000000000,Not Active,Not Active,Not Active,1,1,5,16,[N/A],[N/A],[N/A]
1783618783.2981,2515,2203,95,0,61,37.08,0x0000000000000000,Not Active,Not Active,Not Active,1,1,5,16,[N/A],[N/A],[N/A]
1783618783.3986,2515,2203,95,0,61,37.08,0x0000000000000000,Not Active,Not Active,Not Active,1,1,5,16,[N/A],[N/A],[N/A]
1783618783.4993,2515,2197,25,0,60,33.78,0x0000000000000000,Not Active,Not Active,Not Active,1,1,5,16,[N/A],[N/A],[N/A]
1783618783.5998,2515,2197,25,0,60,33.78,0x0000000000000000,Not Active,Not Active,Not Active,1,1,5,16,[N/A],[N/A],[N/A]
1783618783.7009,2515,2197,25,0,60,33.78,0x0000000000000000,Not Active,Not Active,Not Active,1,1,5,16,[N/A],[N/A],[N/A]
1783618783.8012,2515,2197,25,0,60,33.78,0x0000000000000000,Not Active,Not Active,Not Active,1,1,5,16,[N/A],[N/A],[N/A]
1783618783.9016,2509,2190,19,0,59,34.85,0x0000000000000000,Not Active,Not Active,Not Active,1,1,5,16,[N/A],[N/A],[N/A]
1783618784.0022,2509,2190,19,0,59,34.85,0x0000000000000000,Not Active,Not Active,Not Active,1,1,5,16,[N/A],[N/A],[N/A]
1783618784.1025,2509,2190,19,0,59,34.85,0x0000000000000000,Not Active,Not Active,Not Active,1,1,5,16,[N/A],[N/A],[N/A]
1783618784.2034,2509,2190,19,0,59,34.85,0x0000000000000000,Not Active,Not Active,Not Active,1,1,5,16,[N/A],[N/A],[N/A]
1783618784.3037,2509,2190,19,0,59,34.85,0x0000000000000000,Not Active,Not Active,Not Active,1,1,5,16,[N/A],[N/A],[N/A]
1783618784.4039,2515,2184,52,0,57,35.13,0x0000000000000000,Not Active,Not Active,Not Active,1,1,5,16,[N/A],[N/A],[N/A]
1783618784.5042,2515,2184,52,0,57,35.13,0x0000000000000000,Not Active,Not Active,Not Active,1,1,5,16,[N/A],[N/A],[N/A]
1783618784.6045,2515,2184,52,0,57,35.13,0x0000000000000000,Not Active,Not Active,Not Active,1,1,5,16,[N/A],[N/A],[N/A]
1783618784.7047,2515,2184,52,0,57,35.13,0x0000000000000000,Not Active,Not Active,Not Active,1,1,5,16,[N/A],[N/A],[N/A]
1783618784.8051,2515,2184,52,0,57,35.13,0x0000000000000000,Not Active,Not Active,Not Active,1,1,5,16,[N/A],[N/A],[N/A]
1783618784.9054,2515,2190,52,0,57,38.04,0x0000000000000000,Not Active,Not Active,Not Active,1,1,5,16,[N/A],[N/A],[N/A]
1783618785.0056,2515,2190,52,0,57,38.04,0x0000000000000000,Not Active,Not Active,Not Active,1,1,5,16,[N/A],[N/A],[N/A]
1783618785.1059,2515,2190,52,0,57,38.04,0x0000000000000000,Not Active,Not Active,Not Active,1,1,5,16,[N/A],[N/A],[N/A]
1783618785.2064,2515,2190,52,0,57,38.04,0x0000000000000000,Not Active,Not Active,Not Active,1,1,5,16,[N/A],[N/A],[N/A]
1783618785.3067,2515,2190,52,0,57,38.04,0x0000000000000000,Not Active,Not Active,Not Active,1,1,5,16,[N/A],[N/A],[N/A]
1783618785.4074,2515,2197,95,0,62,37.99,0x0000000000000000,Not Active,Not Active,Not Active,1,1,5,16,[N/A],[N/A],[N/A]
1783618785.5075,2515,2197,95,0,62,37.99,0x0000000000000000,Not Active,Not Active,Not Active,1,1,5,16,[N/A],[N/A],[N/A]
1783618785.6123,2515,2197,95,0,62,37.99,0x0000000000000000,Not Active,Not Active,Not Active,1,1,5,16,[N/A],[N/A],[N/A]
1783618785.7125,2515,2197,95,0,62,37.99,0x0000000000000000,Not Active,Not Active,Not Active,1,1,5,16,[N/A],[N/A],[N/A]
1783618785.8127,2515,2197,95,0,62,37.99,0x0000000000000000,Not Active,Not Active,Not Active,1,1,5,16,[N/A],[N/A],[N/A]
1783618785.9131,2515,2203,66,0,61,33.24,0x0000000000000000,Not Active,Not Active,Not Active,1,1,5,16,[N/A],[N/A],[N/A]
1783618786.0132,2515,2203,66,0,61,33.24,0x0000000000000000,Not Active,Not Active,Not Active,1,1,5,16,[N/A],[N/A],[N/A]
1783618786.1135,2515,2203,66,0,61,33.24,0x0000000000000000,Not Active,Not Active,Not Active,1,1,5,16,[N/A],[N/A],[N/A]
1783618786.2209,2515,2203,66,0,61,33.24,0x0000000000000000,Not Active,Not Active,Not Active,1,1,5,16,[N/A],[N/A],[N/A]
1783618786.3212,2515,2203,66,0,61,33.24,0x0000000000000000,Not Active,Not Active,Not Active,1,1,5,16,[N/A],[N/A],[N/A]
1783618786.4216,2515,2190,3,0,56,29.66,0x0000000000000000,Not Active,Not Active,Not Active,1,1,5,16,[N/A],[N/A],[N/A]
1783618786.5218,2515,2190,3,0,56,29.66,0x0000000000000000,Not Active,Not Active,Not Active,1,1,5,16,[N/A],[N/A],[N/A]
1783618786.6221,2515,2190,3,0,56,29.66,0x0000000000000000,Not Active,Not Active,Not Active,1,1,5,16,[N/A],[N/A],[N/A]
1783618786.723,2515,2190,3,0,56,29.66,0x0000000000000000,Not Active,Not Active,Not Active,1,1,5,16,[N/A],[N/A],[N/A]
1783618786.8262,2515,2190,3,0,56,29.66,0x0000000000000000,Not Active,Not Active,Not Active,1,1,5,16,[N/A],[N/A],[N/A]
1783618786.9264,2515,2184,7,0,56,37.12,0x0000000000000000,Not Active,Not Active,Not Active,1,1,5,16,[N/A],[N/A],[N/A]
1783618787.0268,2515,2184,7,0,56,37.12,0x0000000000000000,Not Active,Not Active,Not Active,1,1,5,16,[N/A],[N/A],[N/A]
1783618787.127,2515,2184,7,0,56,37.12,0x0000000000000000,Not Active,Not Active,Not Active,1,1,5,16,[N/A],[N/A],[N/A]
1783618787.2273,2515,2184,7,0,56,37.12,0x0000000000000000,Not Active,Not Active,Not Active,1,1,5,16,[N/A],[N/A],[N/A]
1783618787.3276,2515,2184,7,0,56,37.12,0x0000000000000000,Not Active,Not Active,Not Active,1,1,5,16,[N/A],[N/A],[N/A]
1783618787.4278,2515,2184,84,0,59,38.46,0x0000000000000000,Not Active,Not Active,Not Active,1,1,5,16,[N/A],[N/A],[N/A]
1783618787.5284,2515,2184,84,0,59,38.46,0x0000000000000000,Not Active,Not Active,Not Active,1,1,5,16,[N/A],[N/A],[N/A]
1783618787.6286,2515,2184,84,0,59,38.46,0x0000000000000000,Not Active,Not Active,Not Active,1,1,5,16,[N/A],[N/A],[N/A]
1783618787.729,2515,2184,84,0,59,38.46,0x0000000000000000,Not Active,Not Active,Not Active,1,1,5,16,[N/A],[N/A],[N/A]
1783618787.8292,2515,2184,84,0,59,38.46,0x0000000000000000,Not Active,Not Active,Not Active,1,1,5,16,[N/A],[N/A],[N/A]
1783618787.9294,2515,2197,94,0,62,40.67,0x0000000000000000,Not Active,Not Active,Not Active,1,1,5,16,[N/A],[N/A],[N/A]
1783618788.0297,2515,2197,94,0,62,40.67,0x0000000000000000,Not Active,Not Active,Not Active,1,1,5,16,[N/A],[N/A],[N/A]
1783618788.1304,2515,2197,94,0,62,40.67,0x0000000000000000,Not Active,Not Active,Not Active,1,1,5,16,[N/A],[N/A],[N/A]
1783618788.2311,2515,2197,94,0,62,40.67,0x0000000000000000,Not Active,Not Active,Not Active,1,1,5,16,[N/A],[N/A],[N/A]
1783618788.3313,2515,2197,94,0,62,40.67,0x0000000000000000,Not Active,Not Active,Not Active,1,1,5,16,[N/A],[N/A],[N/A]
1783618788.4318,2515,2203,73,0,61,35.72,0x0000000000000000,Not Active,Not Active,Not Active,1,1,5,16,[N/A],[N/A],[N/A]
1783618788.5325,2515,2203,73,0,61,35.72,0x0000000000000000,Not Active,Not Active,Not Active,1,1,5,16,[N/A],[N/A],[N/A]
1783618788.6328,2515,2203,73,0,61,35.72,0x0000000000000000,Not Active,Not Active,Not Active,1,1,5,16,[N/A],[N/A],[N/A]
1783618788.7331,2515,2203,73,0,61,35.72,0x0000000000000000,Not Active,Not Active,Not Active,1,1,5,16,[N/A],[N/A],[N/A]
1783618788.8335,2515,2203,73,0,61,35.72,0x0000000000000000,Not Active,Not Active,Not Active,1,1,5,16,[N/A],[N/A],[N/A]
1783618788.9341,2515,2197,84,0,61,36.41,0x0000000000000000,Not Active,Not Active,Not Active,1,1,5,16,[N/A],[N/A],[N/A]
1783618789.0345,2515,2197,84,0,61,36.41,0x0000000000000000,Not Active,Not Active,Not Active,1,1,5,16,[N/A],[N/A],[N/A]
1783618789.1354,2515,2197,84,0,61,36.41,0x0000000000000000,Not Active,Not Active,Not Active,1,1,5,16,[N/A],[N/A],[N/A]
1783618789.2357,2515,2197,84,0,61,36.41,0x0000000000000000,Not Active,Not Active,Not Active,1,1,5,16,[N/A],[N/A],[N/A]
1783618789.3361,2515,2197,84,0,61,36.41,0x0000000000000000,Not Active,Not Active,Not Active,1,1,5,16,[N/A],[N/A],[N/A]
1783618789.4364,2515,2190,0,0,56,34.80,0x0000000000000000,Not Active,Not Active,Not Active,1,1,5,16,[N/A],[N/A],[N/A]
1783618789.5368,2515,2190,0,0,56,34.80,0x0000000000000000,Not Active,Not Active,Not Active,1,1,5,16,[N/A],[N/A],[N/A]
1783618789.637,2515,2190,0,0,56,34.80,0x0000000000000000,Not Active,Not Active,Not Active,1,1,5,16,[N/A],[N/A],[N/A]
1783618789.7376,2515,2190,0,0,56,34.80,0x0000000000000000,Not Active,Not Active,Not Active,1,1,5,16,[N/A],[N/A],[N/A]
1783618789.838,2515,2190,0,0,56,34.80,0x0000000000000000,Not Active,Not Active,Not Active,1,1,5,16,[N/A],[N/A],[N/A]
1783618789.9383,2509,2184,5,0,56,34.80,0x0000000000000000,Not Active,Not Active,Not Active,1,1,5,16,[N/A],[N/A],[N/A]
1783618790.0389,2509,2184,5,0,56,34.80,0x0000000000000000,Not Active,Not Active,Not Active,1,1,5,16,[N/A],[N/A],[N/A]
1783618790.1396,2509,2184,5,0,56,34.80,0x0000000000000000,Not Active,Not Active,Not Active,1,1,5,16,[N/A],[N/A],[N/A]
1783618790.2401,2509,2184,5,0,56,34.80,0x0000000000000000,Not Active,Not Active,Not Active,1,1,5,16,[N/A],[N/A],[N/A]
1783618790.3404,2509,2184,5,0,56,34.80,0x0000000000000000,Not Active,Not Active,Not Active,1,1,5,16,[N/A],[N/A],[N/A]
1783618790.4411,2515,2184,64,0,58,38.18,0x0000000000000000,Not Active,Not Active,Not Active,1,1,5,16,[N/A],[N/A],[N/A]
1783618790.5417,2515,2184,64,0,58,38.18,0x0000000000000000,Not Active,Not Active,Not Active,1,1,5,16,[N/A],[N/A],[N/A]
1783618790.6423,2515,2184,64,0,58,38.18,0x0000000000000000,Not Active,Not Active,Not Active,1,1,5,16,[N/A],[N/A],[N/A]
1783618790.7426,2515,2184,64,0,58,38.18,0x0000000000000000,Not Active,Not Active,Not Active,1,1,5,16,[N/A],[N/A],[N/A]
1783618790.8432,2515,2184,64,0,58,38.18,0x0000000000000000,Not Active,Not Active,Not Active,1,1,5,16,[N/A],[N/A],[N/A]
1783618790.9434,2509,2190,59,0,57,38.27,0x0000000000000000,Not Active,Not Active,Not Active,1,1,5,16,[N/A],[N/A],[N/A]
1783618791.0441,2509,2190,59,0,57,38.27,0x0000000000000000,Not Active,Not Active,Not Active,1,1,5,16,[N/A],[N/A],[N/A]
1783618791.1445,2509,2190,59,0,57,38.27,0x0000000000000000,Not Active,Not Active,Not Active,1,1,5,16,[N/A],[N/A],[N/A]
1783618791.2451,2509,2190,59,0,57,38.27,0x0000000000000000,Not Active,Not Active,Not Active,1,1,5,16,[N/A],[N/A],[N/A]
1783618791.3454,2509,2190,59,0,57,38.27,0x0000000000000000,Not Active,Not Active,Not Active,1,1,5,16,[N/A],[N/A],[N/A]
1783618791.4456,2515,2197,95,0,62,38.12,0x0000000000000000,Not Active,Not Active,Not Active,1,1,5,16,[N/A],[N/A],[N/A]
1783618791.546,2515,2197,95,0,62,38.12,0x0000000000000000,Not Active,Not Active,Not Active,1,1,5,16,[N/A],[N/A],[N/A]
1783618791.6466,2515,2197,95,0,62,38.12,0x0000000000000000,Not Active,Not Active,Not Active,1,1,5,16,[N/A],[N/A],[N/A]
1783618791.7473,2515,2197,95,0,62,38.12,0x0000000000000000,Not Active,Not Active,Not Active,1,1,5,16,[N/A],[N/A],[N/A]
1783618791.8479,2515,2197,95,0,62,38.12,0x0000000000000000,Not Active,Not Active,Not Active,1,1,5,16,[N/A],[N/A],[N/A]
1783618791.948,2515,2203,95,0,62,37.02,0x0000000000000000,Not Active,Not Active,Not Active,1,1,5,16,[N/A],[N/A],[N/A]
1783618792.0483,2515,2203,95,0,62,37.02,0x0000000000000000,Not Active,Not Active,Not Active,1,1,5,16,[N/A],[N/A],[N/A]
1783618792.1486,2515,2203,95,0,62,37.02,0x0000000000000000,Not Active,Not Active,Not Active,1,1,5,16,[N/A],[N/A],[N/A]
1783618792.2489,2515,2203,95,0,62,37.02,0x0000000000000000,Not Active,Not Active,Not Active,1,1,5,16,[N/A],[N/A],[N/A]
1783618792.3495,2515,2203,95,0,62,37.02,0x0000000000000000,Not Active,Not Active,Not Active,1,1,5,16,[N/A],[N/A],[N/A]
1783618792.4501,2515,2197,1,0,56,33.85,0x0000000000000000,Not Active,Not Active,Not Active,1,1,5,16,[N/A],[N/A],[N/A]
1783618792.5503,2515,2197,1,0,56,33.85,0x0000000000000000,Not Active,Not Active,Not Active,1,1,5,16,[N/A],[N/A],[N/A]
1783618792.6508,2515,2197,1,0,56,33.85,0x0000000000000000,Not Active,Not Active,Not Active,1,1,5,16,[N/A],[N/A],[N/A]
1783618792.7518,2515,2197,1,0,56,33.85,0x0000000000000000,Not Active,Not Active,Not Active,1,1,5,16,[N/A],[N/A],[N/A]
1783618792.8522,2515,2197,1,0,56,33.85,0x0000000000000000,Not Active,Not Active,Not Active,1,1,5,16,[N/A],[N/A],[N/A]
1783618792.9525,2502,2184,18,0,59,35.02,0x0000000000000000,Not Active,Not Active,Not Active,1,1,5,16,[N/A],[N/A],[N/A]
1783618793.0528,2502,2184,18,0,59,35.02,0x0000000000000000,Not Active,Not Active,Not Active,1,1,5,16,[N/A],[N/A],[N/A]
1783618793.153,2502,2184,18,0,59,35.02,0x0000000000000000,Not Active,Not Active,Not Active,1,1,5,16,[N/A],[N/A],[N/A]
1783618793.2539,2502,2184,18,0,59,35.02,0x0000000000000000,Not Active,Not Active,Not Active,1,1,5,16,[N/A],[N/A],[N/A]
1783618793.3541,2502,2184,18,0,59,35.02,0x0000000000000000,Not Active,Not Active,Not Active,1,1,5,16,[N/A],[N/A],[N/A]
1783618793.4542,2515,2184,52,0,57,37.51,0x0000000000000000,Not Active,Not Active,Not Active,1,1,5,16,[N/A],[N/A],[N/A]
1783618793.5546,2515,2184,52,0,57,37.51,0x0000000000000000,Not Active,Not Active,Not Active,1,1,5,16,[N/A],[N/A],[N/A]
1783618793.6549,2515,2184,52,0,57,37.51,0x0000000000000000,Not Active,Not Active,Not Active,1,1,5,16,[N/A],[N/A],[N/A]
1783618793.7552,2515,2184,52,0,57,37.51,0x0000000000000000,Not Active,Not Active,Not Active,1,1,5,16,[N/A],[N/A],[N/A]
1783618793.8555,2515,2184,52,0,57,37.51,0x0000000000000000,Not Active,Not Active,Not Active,1,1,5,16,[N/A],[N/A],[N/A]
1783618793.9558,2515,2184,41,0,57,39.30,0x0000000000000000,Not Active,Not Active,Not Active,1,1,5,16,[N/A],[N/A],[N/A]
1783618794.0561,2515,2184,41,0,57,39.30,0x0000000000000000,Not Active,Not Active,Not Active,1,1,5,16,[N/A],[N/A],[N/A]
1783618794.1564,2515,2184,41,0,57,39.30,0x0000000000000000,Not Active,Not Active,Not Active,1,1,5,16,[N/A],[N/A],[N/A]
1783618794.2568,2515,2184,41,0,57,39.30,0x0000000000000000,Not Active,Not Active,Not Active,1,1,5,16,[N/A],[N/A],[N/A]
1783618794.3569,2515,2184,41,0,57,39.30,0x0000000000000000,Not Active,Not Active,Not Active,1,1,5,16,[N/A],[N/A],[N/A]
1783618794.4572,2515,2197,95,0,61,40.25,0x0000000000000000,Not Active,Not Active,Not Active,1,1,5,16,[N/A],[N/A],[N/A]
1783618794.5578,2515,2197,95,0,61,40.25,0x0000000000000000,Not Active,Not Active,Not Active,1,1,5,16,[N/A],[N/A],[N/A]
1783618794.6584,2515,2197,95,0,61,40.25,0x0000000000000000,Not Active,Not Active,Not Active,1,1,5,16,[N/A],[N/A],[N/A]
1783618794.7586,2515,2197,95,0,61,40.25,0x0000000000000000,Not Active,Not Active,Not Active,1,1,5,16,[N/A],[N/A],[N/A]
1783618794.8592,2515,2197,95,0,61,40.25,0x0000000000000000,Not Active,Not Active,Not Active,1,1,5,16,[N/A],[N/A],[N/A]
1783618794.9598,2515,2197,95,0,62,36.81,0x0000000000000000,Not Active,Not Active,Not Active,1,1,5,16,[N/A],[N/A],[N/A]
1783618795.0599,2515,2197,95,0,62,36.81,0x0000000000000000,Not Active,Not Active,Not Active,1,1,5,16,[N/A],[N/A],[N/A]
1783618795.1603,2515,2197,95,0,62,36.81,0x0000000000000000,Not Active,Not Active,Not Active,1,1,5,16,[N/A],[N/A],[N/A]
1783618795.2606,2515,2197,95,0,62,36.81,0x0000000000000000,Not Active,Not Active,Not Active,1,1,5,16,[N/A],[N/A],[N/A]
1783618795.361,2515,2197,95,0,62,36.81,0x0000000000000000,Not Active,Not Active,Not Active,1,1,5,16,[N/A],[N/A],[N/A]
1783618795.4612,2515,2203,58,0,61,37.30,0x0000000000000000,Not Active,Not Active,Not Active,1,1,5,16,[N/A],[N/A],[N/A]
1783618795.5622,2515,2203,58,0,61,37.30,0x0000000000000000,Not Active,Not Active,Not Active,1,1,5,16,[N/A],[N/A],[N/A]
1783618795.6628,2515,2203,58,0,61,37.30,0x0000000000000000,Not Active,Not Active,Not Active,1,1,5,16,[N/A],[N/A],[N/A]
1783618795.7634,2515,2203,58,0,61,37.30,0x0000000000000000,Not Active,Not Active,Not Active,1,1,5,16,[N/A],[N/A],[N/A]
1783618795.8637,2515,2203,58,0,61,37.30,0x0000000000000000,Not Active,Not Active,Not Active,1,1,5,16,[N/A],[N/A],[N/A]
1783618795.9641,2515,2197,63,0,61,34.75,0x0000000000000000,Not Active,Not Active,Not Active,1,1,5,16,[N/A],[N/A],[N/A]
1783618796.0643,2515,2197,63,0,61,34.75,0x0000000000000000,Not Active,Not Active,Not Active,1,1,5,16,[N/A],[N/A],[N/A]
1783618796.1647,2515,2197,63,0,61,34.75,0x0000000000000000,Not Active,Not Active,Not Active,1,1,5,16,[N/A],[N/A],[N/A]
1783618796.265,2515,2197,63,0,61,34.75,0x0000000000000000,Not Active,Not Active,Not Active,1,1,5,16,[N/A],[N/A],[N/A]
1783618796.3654,2515,2197,63,0,61,34.75,0x0000000000000000,Not Active,Not Active,Not Active,1,1,5,16,[N/A],[N/A],[N/A]
1783618796.4657,2515,2184,7,0,57,34.05,0x0000000000000000,Not Active,Not Active,Not Active,1,1,5,16,[N/A],[N/A],[N/A]
1783618796.566,2515,2184,7,0,57,34.05,0x0000000000000000,Not Active,Not Active,Not Active,1,1,5,16,[N/A],[N/A],[N/A]
1783618796.6662,2515,2184,7,0,57,34.05,0x0000000000000000,Not Active,Not Active,Not Active,1,1,5,16,[N/A],[N/A],[N/A]
1783618796.7666,2515,2184,7,0,57,34.05,0x0000000000000000,Not Active,Not Active,Not Active,1,1,5,16,[N/A],[N/A],[N/A]
1783618796.8669,2515,2184,7,0,57,34.05,0x0000000000000000,Not Active,Not Active,Not Active,1,1,5,16,[N/A],[N/A],[N/A]
1783618796.9673,2515,2184,5,0,56,37.36,0x0000000000000000,Not Active,Not Active,Not Active,1,1,5,16,[N/A],[N/A],[N/A]
1783618797.068,2515,2184,5,0,56,37.36,0x0000000000000000,Not Active,Not Active,Not Active,1,1,5,16,[N/A],[N/A],[N/A]
1783618797.1685,2515,2184,5,0,56,37.36,0x0000000000000000,Not Active,Not Active,Not Active,1,1,5,16,[N/A],[N/A],[N/A]
1783618797.2688,2515,2184,5,0,56,37.36,0x0000000000000000,Not Active,Not Active,Not Active,1,1,5,16,[N/A],[N/A],[N/A]
1783618797.3695,2515,2184,5,0,56,37.36,0x0000000000000000,Not Active,Not Active,Not Active,1,1,5,16,[N/A],[N/A],[N/A]
1783618797.4697,2515,2184,88,0,62,38.53,0x0000000000000000,Not Active,Not Active,Not Active,1,1,5,16,[N/A],[N/A],[N/A]
1783618797.5701,2515,2184,88,0,62,38.53,0x0000000000000000,Not Active,Not Active,Not Active,1,1,5,16,[N/A],[N/A],[N/A]
1783618797.6704,2515,2184,88,0,62,38.53,0x0000000000000000,Not Active,Not Active,Not Active,1,1,5,16,[N/A],[N/A],[N/A]
1783618797.771,2515,2184,88,0,62,38.53,0x0000000000000000,Not Active,Not Active,Not Active,1,1,5,16,[N/A],[N/A],[N/A]
1783618797.8715,2515,2184,88,0,62,38.53,0x0000000000000000,Not Active,Not Active,Not Active,1,1,5,16,[N/A],[N/A],[N/A]
1783618797.9795,2515,2190,83,0,59,40.79,0x0000000000000000,Not Active,Not Active,Not Active,1,1,5,16,[N/A],[N/A],[N/A]
1783618798.0799,2515,2190,83,0,59,40.79,0x0000000000000000,Not Active,Not Active,Not Active,1,1,5,16,[N/A],[N/A],[N/A]
1783618798.1805,2515,2190,83,0,59,40.79,0x0000000000000000,Not Active,Not Active,Not Active,1,1,5,16,[N/A],[N/A],[N/A]
1783618798.2811,2515,2190,83,0,59,40.79,0x0000000000000000,Not Active,Not Active,Not Active,1,1,5,16,[N/A],[N/A],[N/A]
1783618798.3817,2515,2190,83,0,59,40.79,0x0000000000000000,Not Active,Not Active,Not Active,1,1,5,16,[N/A],[N/A],[N/A]
1783618798.4828,2515,2197,85,0,61,36.51,0x0000000000000000,Not Active,Not Active,Not Active,1,1,5,16,[N/A],[N/A],[N/A]
1783618798.5894,2515,2197,85,0,61,36.51,0x0000000000000000,Not Active,Not Active,Not Active,1,1,5,16,[N/A],[N/A],[N/A]
1783618798.6898,2515,2197,85,0,61,36.51,0x0000000000000000,Not Active,Not Active,Not Active,1,1,5,16,[N/A],[N/A],[N/A]
1783618798.7901,2515,2197,85,0,61,36.51,0x0000000000000000,Not Active,Not Active,Not Active,1,1,5,16,[N/A],[N/A],[N/A]
1783618798.8907,2515,2197,85,0,61,36.51,0x0000000000000000,Not Active,Not Active,Not Active,1,1,5,16,[N/A],[N/A],[N/A]
1783618798.9913,2515,2197,80,0,62,34.51,0x0000000000000000,Not Active,Not Active,Not Active,1,1,5,16,[N/A],[N/A],[N/A]
1783618799.0915,2515,2197,80,0,62,34.51,0x0000000000000000,Not Active,Not Active,Not Active,1,1,5,16,[N/A],[N/A],[N/A]
1783618799.1918,2515,2197,80,0,62,34.51,0x0000000000000000,Not Active,Not Active,Not Active,1,1,5,16,[N/A],[N/A],[N/A]
1783618799.2924,2515,2197,80,0,62,34.51,0x0000000000000000,Not Active,Not Active,Not Active,1,1,5,16,[N/A],[N/A],[N/A]
1783618799.3927,2515,2197,80,0,62,34.51,0x0000000000000000,Not Active,Not Active,Not Active,1,1,5,16,[N/A],[N/A],[N/A]
1783618799.493,2515,2190,1,0,56,34.12,0x0000000000000000,Not Active,Not Active,Not Active,1,1,5,16,[N/A],[N/A],[N/A]
1783618799.5932,2515,2190,1,0,56,34.12,0x0000000000000000,Not Active,Not Active,Not Active,1,1,5,16,[N/A],[N/A],[N/A]
1783618799.6934,2515,2190,1,0,56,34.12,0x0000000000000000,Not Active,Not Active,Not Active,1,1,5,16,[N/A],[N/A],[N/A]
1783618799.7937,2515,2190,1,0,56,34.12,0x0000000000000000,Not Active,Not Active,Not Active,1,1,5,16,[N/A],[N/A],[N/A]
1783618799.8942,2515,2190,1,0,56,34.12,0x0000000000000000,Not Active,Not Active,Not Active,1,1,5,16,[N/A],[N/A],[N/A]
1783618799.9948,2502,2184,0,0,56,34.90,0x0000000000000000,Not Active,Not Active,Not Active,1,1,5,16,[N/A],[N/A],[N/A]
1783618800.0951,2502,2184,0,0,56,34.90,0x0000000000000000,Not Active,Not Active,Not Active,1,1,5,16,[N/A],[N/A],[N/A]
1783618800.1955,2502,2184,0,0,56,34.90,0x0000000000000000,Not Active,Not Active,Not Active,1,1,5,16,[N/A],[N/A],[N/A]
1783618800.2964,2502,2184,0,0,56,34.90,0x0000000000000000,Not Active,Not Active,Not Active,1,1,5,16,[N/A],[N/A],[N/A]
1783618800.397,2502,2184,0,0,56,34.90,0x0000000000000000,Not Active,Not Active,Not Active,1,1,5,16,[N/A],[N/A],[N/A]
1783618800.4973,2515,2190,94,0,62,37.58,0x0000000000000000,Not Active,Not Active,Not Active,1,1,5,16,[N/A],[N/A],[N/A]
1783618800.5976,2515,2190,94,0,62,37.58,0x0000000000000000,Not Active,Not Active,Not Active,1,1,5,16,[N/A],[N/A],[N/A]
1783618800.6978,2515,2190,94,0,62,37.58,0x0000000000000000,Not Active,Not Active,Not Active,1,1,5,16,[N/A],[N/A],[N/A]
1783618800.7981,2515,2190,94,0,62,37.58,0x0000000000000000,Not Active,Not Active,Not Active,1,1,5,16,[N/A],[N/A],[N/A]
1783618800.8984,2515,2190,94,0,62,37.58,0x0000000000000000,Not Active,Not Active,Not Active,1,1,5,16,[N/A],[N/A],[N/A]
1783618800.9987,2515,2197,95,0,62,37.94,0x0000000000000000,Not Active,Not Active,Not Active,1,1,5,16,[N/A],[N/A],[N/A]
1783618801.0993,2515,2197,95,0,62,37.94,0x0000000000000000,Not Active,Not Active,Not Active,1,1,5,16,[N/A],[N/A],[N/A]
1783618801.1996,2515,2197,95,0,62,37.94,0x0000000000000000,Not Active,Not Active,Not Active,1,1,5,16,[N/A],[N/A],[N/A]
1783618801.2999,2515,2197,95,0,62,37.94,0x0000000000000000,Not Active,Not Active,Not Active,1,1,5,16,[N/A],[N/A],[N/A]
1783618801.4003,2515,2197,95,0,62,37.94,0x0000000000000000,Not Active,Not Active,Not Active,1,1,5,16,[N/A],[N/A],[N/A]
1783618801.5006,2515,2203,66,0,62,35.13,0x0000000000000000,Not Active,Not Active,Not Active,1,1,5,16,[N/A],[N/A],[N/A]
1783618801.6015,2515,2203,66,0,62,35.13,0x0000000000000000,Not Active,Not Active,Not Active,1,1,5,16,[N/A],[N/A],[N/A]
1783618801.7016,2515,2203,66,0,62,35.13,0x0000000000000000,Not Active,Not Active,Not Active,1,1,5,16,[N/A],[N/A],[N/A]
1783618801.8018,2515,2203,66,0,62,35.13,0x0000000000000000,Not Active,Not Active,Not Active,1,1,5,16,[N/A],[N/A],[N/A]
1783618801.9024,2515,2203,66,0,62,35.13,0x0000000000000000,Not Active,Not Active,Not Active,1,1,5,16,[N/A],[N/A],[N/A]
1783618802.0029,2515,2197,63,0,61,33.75,0x0000000000000000,Not Active,Not Active,Not Active,1,1,5,16,[N/A],[N/A],[N/A]
1783618802.1031,2515,2197,63,0,61,33.75,0x0000000000000000,Not Active,Not Active,Not Active,1,1,5,16,[N/A],[N/A],[N/A]
1783618802.2038,2515,2197,63,0,61,33.75,0x0000000000000000,Not Active,Not Active,Not Active,1,1,5,16,[N/A],[N/A],[N/A]
1783618802.3041,2515,2197,63,0,61,33.75,0x0000000000000000,Not Active,Not Active,Not Active,1,1,5,16,[N/A],[N/A],[N/A]
1783618802.4044,2515,2197,63,0,61,33.75,0x0000000000000000,Not Active,Not Active,Not Active,1,1,5,16,[N/A],[N/A],[N/A]
1783618802.5048,2496,2190,7,0,57,34.66,0x0000000000000000,Not Active,Not Active,Not Active,1,1,5,16,[N/A],[N/A],[N/A]
1783618802.6051,2496,2190,7,0,57,34.66,0x0000000000000000,Not Active,Not Active,Not Active,1,1,5,16,[N/A],[N/A],[N/A]
1783618802.7055,2496,2190,7,0,57,34.66,0x0000000000000000,Not Active,Not Active,Not Active,1,1,5,16,[N/A],[N/A],[N/A]
1783618802.8121,2496,2190,7,0,57,34.66,0x0000000000000000,Not Active,Not Active,Not Active,1,1,5,16,[N/A],[N/A],[N/A]
1783618802.9124,2515,2184,10,0,57,36.00,0x0000000000000000,Not Active,Not Active,Not Active,1,1,5,16,[N/A],[N/A],[N/A]
1783618803.0128,2515,2184,10,0,57,36.00,0x0000000000000000,Not Active,Not Active,Not Active,1,1,5,16,[N/A],[N/A],[N/A]
1783618803.1131,2515,2184,10,0,57,36.00,0x0000000000000000,Not Active,Not Active,Not Active,1,1,5,16,[N/A],[N/A],[N/A]
1783618803.2134,2515,2184,10,0,57,36.00,0x0000000000000000,Not Active,Not Active,Not Active,1,1,5,16,[N/A],[N/A],[N/A]
1783618803.3138,2515,2184,10,0,57,36.00,0x0000000000000000,Not Active,Not Active,Not Active,1,1,5,16,[N/A],[N/A],[N/A]
1783618803.414,2515,2184,76,0,59,39.71,0x0000000000000000,Not Active,Not Active,Not Active,1,1,5,16,[N/A],[N/A],[N/A]
1783618803.5142,2515,2184,76,0,59,39.71,0x0000000000000000,Not Active,Not Active,Not Active,1,1,5,16,[N/A],[N/A],[N/A]
1783618803.6145,2515,2184,76,0,59,39.71,0x0000000000000000,Not Active,Not Active,Not Active,1,1,5,16,[N/A],[N/A],[N/A]
1783618803.7148,2515,2184,76,0,59,39.71,0x0000000000000000,Not Active,Not Active,Not Active,1,1,5,16,[N/A],[N/A],[N/A]
1783618803.8149,2515,2184,76,0,59,39.71,0x0000000000000000,Not Active,Not Active,Not Active,1,1,5,16,[N/A],[N/A],[N/A]
1783618803.9152,2515,2197,88,0,61,40.53,0x0000000000000000,Not Active,Not Active,Not Active,1,1,5,16,[N/A],[N/A],[N/A]
1783618804.0154,2515,2197,88,0,61,40.53,0x0000000000000000,Not Active,Not Active,Not Active,1,1,5,16,[N/A],[N/A],[N/A]
1783618804.116,2515,2197,88,0,61,40.53,0x0000000000000000,Not Active,Not Active,Not Active,1,1,5,16,[N/A],[N/A],[N/A]
1783618804.2163,2515,2197,88,0,61,40.53,0x0000000000000000,Not Active,Not Active,Not Active,1,1,5,16,[N/A],[N/A],[N/A]
1783618804.3167,2515,2197,88,0,61,40.53,0x0000000000000000,Not Active,Not Active,Not Active,1,1,5,16,[N/A],[N/A],[N/A]
1783618804.4169,2515,2203,76,0,62,37.77,0x0000000000000000,Not Active,Not Active,Not Active,1,1,5,16,[N/A],[N/A],[N/A]
1783618804.5171,2515,2203,76,0,62,37.77,0x0000000000000000,Not Active,Not Active,Not Active,1,1,5,16,[N/A],[N/A],[N/A]
1783618804.6173,2515,2203,76,0,62,37.77,0x0000000000000000,Not Active,Not Active,Not Active,1,1,5,16,[N/A],[N/A],[N/A]
1783618804.7176,2515,2203,76,0,62,37.77,0x0000000000000000,Not Active,Not Active,Not Active,1,1,5,16,[N/A],[N/A],[N/A]
1783618804.8178,2515,2203,76,0,62,37.77,0x0000000000000000,Not Active,Not Active,Not Active,1,1,5,16,[N/A],[N/A],[N/A]
1783618804.918,2515,2197,60,0,61,34.24,0x0000000000000000,Not Active,Not Active,Not Active,1,1,5,16,[N/A],[N/A],[N/A]
1783618805.0182,2515,2197,60,0,61,34.24,0x0000000000000000,Not Active,Not Active,Not Active,1,1,5,16,[N/A],[N/A],[N/A]
1783618805.1185,2515,2197,60,0,61,34.24,0x0000000000000000,Not Active,Not Active,Not Active,1,1,5,16,[N/A],[N/A],[N/A]
1783618805.2188,2515,2197,60,0,61,34.24,0x0000000000000000,Not Active,Not Active,Not Active,1,1,5,16,[N/A],[N/A],[N/A]
1783618805.319,2515,2197,60,0,61,34.24,0x0000000000000000,Not Active,Not Active,Not Active,1,1,5,16,[N/A],[N/A],[N/A]
1783618805.4194,2515,2190,10,0,57,33.34,0x0000000000000000,Not Active,Not Active,Not Active,1,1,5,16,[N/A],[N/A],[N/A]
1783618805.5197,2515,2190,10,0,57,33.34,0x0000000000000000,Not Active,Not Active,Not Active,1,1,5,16,[N/A],[N/A],[N/A]
1783618805.6199,2515,2190,10,0,57,33.34,0x0000000000000000,Not Active,Not Active,Not Active,1,1,5,16,[N/A],[N/A],[N/A]
1783618805.72,2515,2190,10,0,57,33.34,0x0000000000000000,Not Active,Not Active,Not Active,1,1,5,16,[N/A],[N/A],[N/A]
1783618805.8203,2515,2190,10,0,57,33.34,0x0000000000000000,Not Active,Not Active,Not Active,1,1,5,16,[N/A],[N/A],[N/A]
1783618805.9205,2515,2184,44,0,57,36.20,0x0000000000000000,Not Active,Not Active,Not Active,1,1,5,16,[N/A],[N/A],[N/A]
1783618806.0207,2515,2184,44,0,57,36.20,0x0000000000000000,Not Active,Not Active,Not Active,1,1,5,16,[N/A],[N/A],[N/A]
1783618806.121,2515,2184,44,0,57,36.20,0x0000000000000000,Not Active,Not Active,Not Active,1,1,5,16,[N/A],[N/A],[N/A]
1783618806.2213,2515,2184,44,0,57,36.20,0x0000000000000000,Not Active,Not Active,Not Active,1,1,5,16,[N/A],[N/A],[N/A]
1783618806.3215,2515,2184,44,0,57,36.20,0x0000000000000000,Not Active,Not Active,Not Active,1,1,5,16,[N/A],[N/A],[N/A]
1783618806.4217,2515,2190,95,0,62,40.55,0x0000000000000000,Not Active,Not Active,Not Active,1,1,5,16,[N/A],[N/A],[N/A]
1783618806.5223,2515,2190,95,0,62,40.55,0x0000000000000000,Not Active,Not Active,Not Active,1,1,5,16,[N/A],[N/A],[N/A]
1783618806.6225,2515,2190,95,0,62,40.55,0x0000000000000000,Not Active,Not Active,Not Active,1,1,5,16,[N/A],[N/A],[N/A]
1783618806.7227,2515,2190,95,0,62,40.55,0x0000000000000000,Not Active,Not Active,Not Active,1,1,5,16,[N/A],[N/A],[N/A]
1783618806.823,2515,2190,95,0,62,40.55,0x0000000000000000,Not Active,Not Active,Not Active,1,1,5,16,[N/A],[N/A],[N/A]
1783618806.9232,2515,2203,95,0,62,36.32,0x0000000000000000,Not Active,Not Active,Not Active,1,1,5,16,[N/A],[N/A],[N/A]
1783618807.0234,2515,2203,95,0,62,36.32,0x0000000000000000,Not Active,Not Active,Not Active,1,1,5,16,[N/A],[N/A],[N/A]
1783618807.1236,2515,2203,95,0,62,36.32,0x0000000000000000,Not Active,Not Active,Not Active,1,1,5,16,[N/A],[N/A],[N/A]
1783618807.2239,2515,2203,95,0,62,36.32,0x0000000000000000,Not Active,Not Active,Not Active,1,1,5,16,[N/A],[N/A],[N/A]
1783618807.3241,2515,2203,95,0,62,36.32,0x0000000000000000,Not Active,Not Active,Not Active,1,1,5,16,[N/A],[N/A],[N/A]
1783618807.4244,2515,2197,41,0,61,35.25,0x0000000000000000,Not Active,Not Active,Not Active,1,1,5,16,[N/A],[N/A],[N/A]
1783618807.5246,2515,2197,41,0,61,35.25,0x0000000000000000,Not Active,Not Active,Not Active,1,1,5,16,[N/A],[N/A],[N/A]
1783618807.6248,2515,2197,41,0,61,35.25,0x0000000000000000,Not Active,Not Active,Not Active,1,1,5,16,[N/A],[N/A],[N/A]
1783618807.7252,2515,2197,41,0,61,35.25,0x0000000000000000,Not Active,Not Active,Not Active,1,1,5,16,[N/A],[N/A],[N/A]
1783618807.8254,2515,2197,41,0,61,35.25,0x0000000000000000,Not Active,Not Active,Not Active,1,1,5,16,[N/A],[N/A],[N/A]
1783618807.9256,2515,2190,46,0,61,34.55,0x0000000000000000,Not Active,Not Active,Not Active,1,1,5,16,[N/A],[N/A],[N/A]
1783618808.0259,2515,2190,46,0,61,34.55,0x0000000000000000,Not Active,Not Active,Not Active,1,1,5,16,[N/A],[N/A],[N/A]
1783618808.1261,2515,2190,46,0,61,34.55,0x0000000000000000,Not Active,Not Active,Not Active,1,1,5,16,[N/A],[N/A],[N/A]
1783618808.2263,2515,2190,46,0,61,34.55,0x0000000000000000,Not Active,Not Active,Not Active,1,1,5,16,[N/A],[N/A],[N/A]
1783618808.3265,2515,2190,46,0,61,34.55,0x0000000000000000,Not Active,Not Active,Not Active,1,1,5,16,[N/A],[N/A],[N/A]
1783618808.4268,2502,2184,23,0,57,36.38,0x0000000000000000,Not Active,Not Active,Not Active,1,1,5,16,[N/A],[N/A],[N/A]
1783618808.527,2502,2184,23,0,57,36.38,0x0000000000000000,Not Active,Not Active,Not Active,1,1,5,16,[N/A],[N/A],[N/A]
1783618808.6272,2502,2184,23,0,57,36.38,0x0000000000000000,Not Active,Not Active,Not Active,1,1,5,16,[N/A],[N/A],[N/A]
1783618808.7274,2502,2184,23,0,57,36.38,0x0000000000000000,Not Active,Not Active,Not Active,1,1,5,16,[N/A],[N/A],[N/A]
1783618808.8276,2502,2184,23,0,57,36.38,0x0000000000000000,Not Active,Not Active,Not Active,1,1,5,16,[N/A],[N/A],[N/A]
1783618808.9282,2515,2184,12,0,57,38.47,0x0000000000000000,Not Active,Not Active,Not Active,1,1,5,16,[N/A],[N/A],[N/A]
1783618809.0286,2515,2184,12,0,57,38.47,0x0000000000000000,Not Active,Not Active,Not Active,1,1,5,16,[N/A],[N/A],[N/A]
1783618809.1288,2515,2184,12,0,57,38.47,0x0000000000000000,Not Active,Not Active,Not Active,1,1,5,16,[N/A],[N/A],[N/A]
1783618809.229,2515,2184,12,0,57,38.47,0x0000000000000000,Not Active,Not Active,Not Active,1,1,5,16,[N/A],[N/A],[N/A]
1783618809.3292,2515,2184,12,0,57,38.47,0x0000000000000000,Not Active,Not Active,Not Active,1,1,5,16,[N/A],[N/A],[N/A]
1783618809.4296,2515,2184,95,0,62,39.88,0x0000000000000000,Not Active,Not Active,Not Active,1,1,5,16,[N/A],[N/A],[N/A]
1783618809.5299,2515,2184,95,0,62,39.88,0x0000000000000000,Not Active,Not Active,Not Active,1,1,5,16,[N/A],[N/A],[N/A]
1783618809.6302,2515,2184,95,0,62,39.88,0x0000000000000000,Not Active,Not Active,Not Active,1,1,5,16,[N/A],[N/A],[N/A]
1783618809.7307,2515,2184,95,0,62,39.88,0x0000000000000000,Not Active,Not Active,Not Active,1,1,5,16,[N/A],[N/A],[N/A]
1783618809.8309,2515,2184,95,0,62,39.88,0x0000000000000000,Not Active,Not Active,Not Active,1,1,5,16,[N/A],[N/A],[N/A]
1783618809.9312,2515,2190,86,0,59,40.41,0x0000000000000000,Not Active,Not Active,Not Active,1,1,5,16,[N/A],[N/A],[N/A]
1783618810.0315,2515,2190,86,0,59,40.41,0x0000000000000000,Not Active,Not Active,Not Active,1,1,5,16,[N/A],[N/A],[N/A]
1783618810.1319,2515,2190,86,0,59,40.41,0x0000000000000000,Not Active,Not Active,Not Active,1,1,5,16,[N/A],[N/A],[N/A]
1783618810.2323,2515,2190,86,0,59,40.41,0x0000000000000000,Not Active,Not Active,Not Active,1,1,5,16,[N/A],[N/A],[N/A]
1783618810.3326,2515,2190,86,0,59,40.41,0x0000000000000000,Not Active,Not Active,Not Active,1,1,5,16,[N/A],[N/A],[N/A]
1783618810.4329,2515,2203,77,0,61,35.82,0x0000000000000000,Not Active,Not Active,Not Active,1,1,5,16,[N/A],[N/A],[N/A]
1783618810.5333,2515,2203,77,0,61,35.82,0x0000000000000000,Not Active,Not Active,Not Active,1,1,5,16,[N/A],[N/A],[N/A]
1783618810.6335,2515,2203,77,0,61,35.82,0x0000000000000000,Not Active,Not Active,Not Active,1,1,5,16,[N/A],[N/A],[N/A]
1783618810.7339,2515,2203,77,0,61,35.82,0x0000000000000000,Not Active,Not Active,Not Active,1,1,5,16,[N/A],[N/A],[N/A]
1783618810.8342,2515,2203,77,0,61,35.82,0x0000000000000000,Not Active,Not Active,Not Active,1,1,5,16,[N/A],[N/A],[N/A]
1783618810.9345,2515,2197,78,0,62,35.19,0x0000000000000000,Not Active,Not Active,Not Active,1,1,5,16,[N/A],[N/A],[N/A]
1783618811.0349,2515,2197,78,0,62,35.19,0x0000000000000000,Not Active,Not Active,Not Active,1,1,5,16,[N/A],[N/A],[N/A]
1783618811.1352,2515,2197,78,0,62,35.19,0x0000000000000000,Not Active,Not Active,Not Active,1,1,5,16,[N/A],[N/A],[N/A]
1783618811.2354,2515,2197,78,0,62,35.19,0x0000000000000000,Not Active,Not Active,Not Active,1,1,5,16,[N/A],[N/A],[N/A]
1783618811.3359,2515,2197,78,0,62,35.19,0x0000000000000000,Not Active,Not Active,Not Active,1,1,5,16,[N/A],[N/A],[N/A]
1783618811.4362,2502,2190,0,0,57,33.60,0x0000000000000000,Not Active,Not Active,Not Active,1,1,5,16,[N/A],[N/A],[N/A]
1783618811.5365,2502,2190,0,0,57,33.60,0x0000000000000000,Not Active,Not Active,Not Active,1,1,5,16,[N/A],[N/A],[N/A]
1783618811.6368,2502,2190,0,0,57,33.60,0x0000000000000000,Not Active,Not Active,Not Active,1,1,5,16,[N/A],[N/A],[N/A]
1783618811.737,2502,2190,0,0,57,33.60,0x0000000000000000,Not Active,Not Active,Not Active,1,1,5,16,[N/A],[N/A],[N/A]
1783618811.8373,2502,2190,0,0,57,33.60,0x0000000000000000,Not Active,Not Active,Not Active,1,1,5,16,[N/A],[N/A],[N/A]
1783618811.9376,2496,2184,0,0,57,34.90,0x0000000000000000,Not Active,Not Active,Not Active,1,1,5,16,[N/A],[N/A],[N/A]
1783618812.038,2496,2184,0,0,57,34.90,0x0000000000000000,Not Active,Not Active,Not Active,1,1,5,16,[N/A],[N/A],[N/A]
1783618812.1382,2496,2184,0,0,57,34.90,0x0000000000000000,Not Active,Not Active,Not Active,1,1,5,16,[N/A],[N/A],[N/A]
1783618812.2384,2496,2184,0,0,57,34.90,0x0000000000000000,Not Active,Not Active,Not Active,1,1,5,16,[N/A],[N/A],[N/A]
1783618812.3386,2496,2184,0,0,57,34.90,0x0000000000000000,Not Active,Not Active,Not Active,1,1,5,16,[N/A],[N/A],[N/A]
1783618812.4459,2509,2190,95,0,62,38.60,0x0000000000000000,Not Active,Not Active,Not Active,1,1,5,16,[N/A],[N/A],[N/A]
1783618812.5464,2509,2190,95,0,62,38.60,0x0000000000000000,Not Active,Not Active,Not Active,1,1,5,16,[N/A],[N/A],[N/A]
1783618812.6467,2509,2190,95,0,62,38.60,0x0000000000000000,Not Active,Not Active,Not Active,1,1,5,16,[N/A],[N/A],[N/A]
1783618812.747,2509,2190,95,0,62,38.60,0x0000000000000000,Not Active,Not Active,Not Active,1,1,5,16,[N/A],[N/A],[N/A]
1783618812.8473,2509,2190,95,0,62,38.60,0x0000000000000000,Not Active,Not Active,Not Active,1,1,5,16,[N/A],[N/A],[N/A]
1783618812.9476,2515,2197,95,0,62,37.32,0x0000000000000000,Not Active,Not Active,Not Active,1,1,5,16,[N/A],[N/A],[N/A]
1783618813.0496,2515,2197,95,0,62,37.32,0x0000000000000000,Not Active,Not Active,Not Active,1,1,5,16,[N/A],[N/A],[N/A]
1783618813.1503,2515,2197,95,0,62,37.32,0x0000000000000000,Not Active,Not Active,Not Active,1,1,5,16,[N/A],[N/A],[N/A]
1783618813.2506,2515,2197,95,0,62,37.32,0x0000000000000000,Not Active,Not Active,Not Active,1,1,5,16,[N/A],[N/A],[N/A]
1783618813.3509,2515,2197,95,0,62,37.32,0x0000000000000000,Not Active,Not Active,Not Active,1,1,5,16,[N/A],[N/A],[N/A]
1783618813.4512,2509,2203,49,0,61,35.45,0x0000000000000000,Not Active,Not Active,Not Active,1,1,5,16,[N/A],[N/A],[N/A]
1783618813.5518,2509,2203,49,0,61,35.45,0x0000000000000000,Not Active,Not Active,Not Active,1,1,5,16,[N/A],[N/A],[N/A]
1783618813.6519,2509,2203,49,0,61,35.45,0x0000000000000000,Not Active,Not Active,Not Active,1,1,5,16,[N/A],[N/A],[N/A]
1783618813.7523,2509,2203,49,0,61,35.45,0x0000000000000000,Not Active,Not Active,Not Active,1,1,5,16,[N/A],[N/A],[N/A]
1783618813.8527,2509,2203,49,0,61,35.45,0x0000000000000000,Not Active,Not Active,Not Active,1,1,5,16,[N/A],[N/A],[N/A]
1783618813.953,2502,2190,4,0,57,30.10,0x0000000000000000,Not Active,Not Active,Not Active,1,1,5,16,[N/A],[N/A],[N/A]
1783618814.0534,2502,2190,4,0,57,30.10,0x0000000000000000,Not Active,Not Active,Not Active,1,1,5,16,[N/A],[N/A],[N/A]
1783618814.1537,2502,2190,4,0,57,30.10,0x0000000000000000,Not Active,Not Active,Not Active,1,1,5,16,[N/A],[N/A],[N/A]
1783618814.254,2502,2190,4,0,57,30.10,0x0000000000000000,Not Active,Not Active,Not Active,1,1,5,16,[N/A],[N/A],[N/A]
1783618814.3545,2502,2190,4,0,57,30.10,0x0000000000000000,Not Active,Not Active,Not Active,1,1,5,16,[N/A],[N/A],[N/A]
1783618814.4547,2515,2184,64,0,58,35.03,0x0000000000000000,Not Active,Not Active,Not Active,1,1,5,16,[N/A],[N/A],[N/A]
1783618814.555,2515,2184,64,0,58,35.03,0x0000000000000000,Not Active,Not Active,Not Active,1,1,5,16,[N/A],[N/A],[N/A]
1783618814.6553,2515,2184,64,0,58,35.03,0x0000000000000000,Not Active,Not Active,Not Active,1,1,5,16,[N/A],[N/A],[N/A]
1783618814.7557,2515,2184,64,0,58,35.03,0x0000000000000000,Not Active,Not Active,Not Active,1,1,5,16,[N/A],[N/A],[N/A]
1783618814.8564,2515,2184,64,0,58,35.03,0x0000000000000000,Not Active,Not Active,Not Active,1,1,5,16,[N/A],[N/A],[N/A]
1783618814.9566,2515,2190,64,0,58,40.18,0x0000000000000000,Not Active,Not Active,Not Active,1,1,5,16,[N/A],[N/A],[N/A]
1783618815.0568,2515,2190,64,0,58,40.18,0x0000000000000000,Not Active,Not Active,Not Active,1,1,5,16,[N/A],[N/A],[N/A]
1783618815.1572,2515,2190,64,0,58,40.18,0x0000000000000000,Not Active,Not Active,Not Active,1,1,5,16,[N/A],[N/A],[N/A]
1783618815.2575,2515,2190,64,0,58,40.18,0x0000000000000000,Not Active,Not Active,Not Active,1,1,5,16,[N/A],[N/A],[N/A]
1783618815.3578,2515,2190,64,0,58,40.18,0x0000000000000000,Not Active,Not Active,Not Active,1,1,5,16,[N/A],[N/A],[N/A]
1783618815.4585,2515,2197,95,0,62,37.16,0x0000000000000000,Not Active,Not Active,Not Active,1,1,5,16,[N/A],[N/A],[N/A]
1783618815.5591,2515,2197,95,0,62,37.16,0x0000000000000000,Not Active,Not Active,Not Active,1,1,5,16,[N/A],[N/A],[N/A]
1783618815.6594,2515,2197,95,0,62,37.16,0x0000000000000000,Not Active,Not Active,Not Active,1,1,5,16,[N/A],[N/A],[N/A]
1783618815.7597,2515,2197,95,0,62,37.16,0x0000000000000000,Not Active,Not Active,Not Active,1,1,5,16,[N/A],[N/A],[N/A]
1783618815.8601,2515,2197,95,0,62,37.16,0x0000000000000000,Not Active,Not Active,Not Active,1,1,5,16,[N/A],[N/A],[N/A]
1783618815.9604,2515,2203,95,0,62,35.91,0x0000000000000000,Not Active,Not Active,Not Active,1,1,5,16,[N/A],[N/A],[N/A]
1783618816.0608,2515,2203,95,0,62,35.91,0x0000000000000000,Not Active,Not Active,Not Active,1,1,5,16,[N/A],[N/A],[N/A]
1783618816.1611,2515,2203,95,0,62,35.91,0x0000000000000000,Not Active,Not Active,Not Active,1,1,5,16,[N/A],[N/A],[N/A]
1783618816.2615,2515,2203,95,0,62,35.91,0x0000000000000000,Not Active,Not Active,Not Active,1,1,5,16,[N/A],[N/A],[N/A]
1783618816.3618,2515,2203,95,0,62,35.91,0x0000000000000000,Not Active,Not Active,Not Active,1,1,5,16,[N/A],[N/A],[N/A]
1783618816.4621,2509,2190,0,0,57,32.35,0x0000000000000000,Not Active,Not Active,Not Active,1,1,5,16,[N/A],[N/A],[N/A]
1783618816.5624,2509,2190,0,0,57,32.35,0x0000000000000000,Not Active,Not Active,Not Active,1,1,5,16,[N/A],[N/A],[N/A]
1783618816.6626,2509,2190,0,0,57,32.35,0x0000000000000000,Not Active,Not Active,Not Active,1,1,5,16,[N/A],[N/A],[N/A]
1783618816.763,2509,2190,0,0,57,32.35,0x0000000000000000,Not Active,Not Active,Not Active,1,1,5,16,[N/A],[N/A],[N/A]
1783618816.8632,2509,2190,0,0,57,32.35,0x0000000000000000,Not Active,Not Active,Not Active,1,1,5,16,[N/A],[N/A],[N/A]
1783618816.9636,2502,2184,0,0,57,35.27,0x0000000000000000,Not Active,Not Active,Not Active,1,1,5,16,[N/A],[N/A],[N/A]
1783618817.0639,2502,2184,0,0,57,35.27,0x0000000000000000,Not Active,Not Active,Not Active,1,1,5,16,[N/A],[N/A],[N/A]
1783618817.1641,2502,2184,0,0,57,35.27,0x0000000000000000,Not Active,Not Active,Not Active,1,1,5,16,[N/A],[N/A],[N/A]
1783618817.2642,2502,2184,0,0,57,35.27,0x0000000000000000,Not Active,Not Active,Not Active,1,1,5,16,[N/A],[N/A],[N/A]
1783618817.3646,2502,2184,0,0,57,35.27,0x0000000000000000,Not Active,Not Active,Not Active,1,1,5,16,[N/A],[N/A],[N/A]
1783618817.4648,2509,2190,95,0,62,38.59,0x0000000000000000,Not Active,Not Active,Not Active,1,1,5,16,[N/A],[N/A],[N/A]
1783618817.5652,2509,2190,95,0,62,38.59,0x0000000000000000,Not Active,Not Active,Not Active,1,1,5,16,[N/A],[N/A],[N/A]
1783618817.6655,2509,2190,95,0,62,38.59,0x0000000000000000,Not Active,Not Active,Not Active,1,1,5,16,[N/A],[N/A],[N/A]
1783618817.7658,2509,2190,95,0,62,38.59,0x0000000000000000,Not Active,Not Active,Not Active,1,1,5,16,[N/A],[N/A],[N/A]
1783618817.8667,2509,2190,95,0,62,38.59,0x0000000000000000,Not Active,Not Active,Not Active,1,1,5,16,[N/A],[N/A],[N/A]
1783618817.9668,2515,2190,84,0,59,40.27,0x0000000000000000,Not Active,Not Active,Not Active,1,1,5,16,[N/A],[N/A],[N/A]
1783618818.0671,2515,2190,84,0,59,40.27,0x0000000000000000,Not Active,Not Active,Not Active,1,1,5,16,[N/A],[N/A],[N/A]
1783618818.1674,2515,2190,84,0,59,40.27,0x0000000000000000,Not Active,Not Active,Not Active,1,1,5,16,[N/A],[N/A],[N/A]
1783618818.268,2515,2190,84,0,59,40.27,0x0000000000000000,Not Active,Not Active,Not Active,1,1,5,16,[N/A],[N/A],[N/A]
1783618818.3682,2515,2190,84,0,59,40.27,0x0000000000000000,Not Active,Not Active,Not Active,1,1,5,16,[N/A],[N/A],[N/A]
1783618818.4688,2515,2197,95,0,62,37.12,0x0000000000000000,Not Active,Not Active,Not Active,1,1,5,16,[N/A],[N/A],[N/A]
1783618818.5693,2515,2197,95,0,62,37.12,0x0000000000000000,Not Active,Not Active,Not Active,1,1,5,16,[N/A],[N/A],[N/A]
1783618818.6697,2515,2197,95,0,62,37.12,0x0000000000000000,Not Active,Not Active,Not Active,1,1,5,16,[N/A],[N/A],[N/A]
1783618818.7701,2515,2197,95,0,62,37.12,0x0000000000000000,Not Active,Not Active,Not Active,1,1,5,16,[N/A],[N/A],[N/A]
1783618818.8703,2515,2197,95,0,62,37.12,0x0000000000000000,Not Active,Not Active,Not Active,1,1,5,16,[N/A],[N/A],[N/A]
1783618818.9706,2515,2203,90,0,62,35.76,0x0000000000000000,Not Active,Not Active,Not Active,1,1,5,16,[N/A],[N/A],[N/A]
1783618819.0715,2515,2203,90,0,62,35.76,0x0000000000000000,Not Active,Not Active,Not Active,1,1,5,16,[N/A],[N/A],[N/A]
1783618819.1726,2515,2203,90,0,62,35.76,0x0000000000000000,Not Active,Not Active,Not Active,1,1,5,16,[N/A],[N/A],[N/A]
1783618819.2729,2515,2203,90,0,62,35.76,0x0000000000000000,Not Active,Not Active,Not Active,1,1,5,16,[N/A],[N/A],[N/A]
1783618819.3731,2515,2203,90,0,62,35.76,0x0000000000000000,Not Active,Not Active,Not Active,1,1,5,16,[N/A],[N/A],[N/A]
1783618819.4735,2502,2190,9,0,57,34.07,0x0000000000000000,Not Active,Not Active,Not Active,1,1,5,16,[N/A],[N/A],[N/A]
1783618819.5736,2502,2190,9,0,57,34.07,0x0000000000000000,Not Active,Not Active,Not Active,1,1,5,16,[N/A],[N/A],[N/A]
1783618819.6739,2502,2190,9,0,57,34.07,0x0000000000000000,Not Active,Not Active,Not Active,1,1,5,16,[N/A],[N/A],[N/A]
1783618819.7742,2502,2190,9,0,57,34.07,0x0000000000000000,Not Active,Not Active,Not Active,1,1,5,16,[N/A],[N/A],[N/A]
1783618819.8745,2502,2190,9,0,57,34.07,0x0000000000000000,Not Active,Not Active,Not Active,1,1,5,16,[N/A],[N/A],[N/A]
1783618819.9748,2502,2184,24,0,60,35.80,0x0000000000000000,Not Active,Not Active,Not Active,1,1,5,16,[N/A],[N/A],[N/A]
1783618820.075,2502,2184,24,0,60,35.80,0x0000000000000000,Not Active,Not Active,Not Active,1,1,5,16,[N/A],[N/A],[N/A]
1783618820.1753,2502,2184,24,0,60,35.80,0x0000000000000000,Not Active,Not Active,Not Active,1,1,5,16,[N/A],[N/A],[N/A]
1783618820.2759,2502,2184,24,0,60,35.80,0x0000000000000000,Not Active,Not Active,Not Active,1,1,5,16,[N/A],[N/A],[N/A]
1783618820.3761,2502,2184,24,0,60,35.80,0x0000000000000000,Not Active,Not Active,Not Active,1,1,5,16,[N/A],[N/A],[N/A]
1783618820.4762,2502,2184,45,0,57,37.98,0x0000000000000000,Not Active,Not Active,Not Active,1,1,5,16,[N/A],[N/A],[N/A]
1783618820.5766,2502,2184,45,0,57,37.98,0x0000000000000000,Not Active,Not Active,Not Active,1,1,5,16,[N/A],[N/A],[N/A]
1783618820.6769,2502,2184,45,0,57,37.98,0x0000000000000000,Not Active,Not Active,Not Active,1,1,5,16,[N/A],[N/A],[N/A]
1783618820.7773,2502,2184,45,0,57,37.98,0x0000000000000000,Not Active,Not Active,Not Active,1,1,5,16,[N/A],[N/A],[N/A]
1783618820.8775,2502,2184,45,0,57,37.98,0x0000000000000000,Not Active,Not Active,Not Active,1,1,5,16,[N/A],[N/A],[N/A]
1783618820.9778,2515,2190,74,0,58,38.83,0x0000000000000000,Not Active,Not Active,Not Active,1,1,5,16,[N/A],[N/A],[N/A]
1783618821.0781,2515,2190,74,0,58,38.83,0x0000000000000000,Not Active,Not Active,Not Active,1,1,5,16,[N/A],[N/A],[N/A]
1783618821.1784,2515,2190,74,0,58,38.83,0x0000000000000000,Not Active,Not Active,Not Active,1,1,5,16,[N/A],[N/A],[N/A]
1783618821.2787,2515,2190,74,0,58,38.83,0x0000000000000000,Not Active,Not Active,Not Active,1,1,5,16,[N/A],[N/A],[N/A]
1783618821.3798,2515,2190,74,0,58,38.83,0x0000000000000000,Not Active,Not Active,Not Active,1,1,5,16,[N/A],[N/A],[N/A]
1783618821.4804,2515,2197,95,0,62,37.06,0x0000000000000000,Not Active,Not Active,Not Active,1,1,5,16,[N/A],[N/A],[N/A]
1783618821.5805,2515,2197,95,0,62,37.06,0x0000000000000000,Not Active,Not Active,Not Active,1,1,5,16,[N/A],[N/A],[N/A]
1783618821.6813,2515,2197,95,0,62,37.06,0x0000000000000000,Not Active,Not Active,Not Active,1,1,5,16,[N/A],[N/A],[N/A]
1783618821.7817,2515,2197,95,0,62,37.06,0x0000000000000000,Not Active,Not Active,Not Active,1,1,5,16,[N/A],[N/A],[N/A]
1783618821.8823,2515,2197,95,0,62,37.06,0x0000000000000000,Not Active,Not Active,Not Active,1,1,5,16,[N/A],[N/A],[N/A]
1783618821.9823,2515,2203,95,0,62,35.99,0x0000000000000000,Not Active,Not Active,Not Active,1,1,5,16,[N/A],[N/A],[N/A]
1783618822.0831,2515,2203,95,0,62,35.99,0x0000000000000000,Not Active,Not Active,Not Active,1,1,5,16,[N/A],[N/A],[N/A]
1783618822.1833,2515,2203,95,0,62,35.99,0x0000000000000000,Not Active,Not Active,Not Active,1,1,5,16,[N/A],[N/A],[N/A]
1783618822.2837,2515,2203,95,0,62,35.99,0x0000000000000000,Not Active,Not Active,Not Active,1,1,5,16,[N/A],[N/A],[N/A]
1783618822.3839,2515,2203,95,0,62,35.99,0x0000000000000000,Not Active,Not Active,Not Active,1,1,5,16,[N/A],[N/A],[N/A]
1783618822.4843,2502,2190,14,0,60,34.79,0x0000000000000000,Not Active,Not Active,Not Active,1,1,5,16,[N/A],[N/A],[N/A]
1783618822.5845,2502,2190,14,0,60,34.79,0x0000000000000000,Not Active,Not Active,Not Active,1,1,5,16,[N/A],[N/A],[N/A]
1783618822.6848,2502,2190,14,0,60,34.79,0x0000000000000000,Not Active,Not Active,Not Active,1,1,5,16,[N/A],[N/A],[N/A]
1783618822.785,2502,2190,14,0,60,34.79,0x0000000000000000,Not Active,Not Active,Not Active,1,1,5,16,[N/A],[N/A],[N/A]
1783618822.8853,2502,2190,14,0,60,34.79,0x0000000000000000,Not Active,Not Active,Not Active,1,1,5,16,[N/A],[N/A],[N/A]
1783618822.9856,2496,2184,0,0,57,35.23,0x0000000000000000,Not Active,Not Active,Not Active,1,1,5,16,[N/A],[N/A],[N/A]
1783618823.0859,2496,2184,0,0,57,35.23,0x0000000000000000,Not Active,Not Active,Not Active,1,1,5,16,[N/A],[N/A],[N/A]
1783618823.1862,2496,2184,0,0,57,35.23,0x0000000000000000,Not Active,Not Active,Not Active,1,1,5,16,[N/A],[N/A],[N/A]
1783618823.2865,2496,2184,0,0,57,35.23,0x0000000000000000,Not Active,Not Active,Not Active,1,1,5,16,[N/A],[N/A],[N/A]
1783618823.3868,2496,2184,0,0,57,35.23,0x0000000000000000,Not Active,Not Active,Not Active,1,1,5,16,[N/A],[N/A],[N/A]
1783618823.4871,2509,2184,81,0,59,37.44,0x0000000000000000,Not Active,Not Active,Not Active,1,1,5,16,[N/A],[N/A],[N/A]
1783618823.5874,2509,2184,81,0,59,37.44,0x0000000000000000,Not Active,Not Active,Not Active,1,1,5,16,[N/A],[N/A],[N/A]
1783618823.6878,2509,2184,81,0,59,37.44,0x0000000000000000,Not Active,Not Active,Not Active,1,1,5,16,[N/A],[N/A],[N/A]
1783618823.788,2509,2184,81,0,59,37.44,0x0000000000000000,Not Active,Not Active,Not Active,1,1,5,16,[N/A],[N/A],[N/A]
1783618823.8882,2509,2184,81,0,59,37.44,0x0000000000000000,Not Active,Not Active,Not Active,1,1,5,16,[N/A],[N/A],[N/A]
1783618823.9885,2515,2190,90,0,62,38.33,0x0000000000000000,Not Active,Not Active,Not Active,1,1,5,16,[N/A],[N/A],[N/A]
1783618824.0902,2515,2190,90,0,62,38.33,0x0000000000000000,Not Active,Not Active,Not Active,1,1,5,16,[N/A],[N/A],[N/A]
1783618824.1906,2515,2190,90,0,62,38.33,0x0000000000000000,Not Active,Not Active,Not Active,1,1,5,16,[N/A],[N/A],[N/A]
1783618824.2909,2515,2190,90,0,62,38.33,0x0000000000000000,Not Active,Not Active,Not Active,1,1,5,16,[N/A],[N/A],[N/A]
1783618824.3913,2515,2190,90,0,62,38.33,0x0000000000000000,Not Active,Not Active,Not Active,1,1,5,16,[N/A],[N/A],[N/A]
1783618824.4916,2515,2203,61,0,62,36.62,0x0000000000000000,Not Active,Not Active,Not Active,1,1,5,16,[N/A],[N/A],[N/A]
1783618824.6006,2515,2203,61,0,62,36.62,0x0000000000000000,Not Active,Not Active,Not Active,1,1,5,16,[N/A],[N/A],[N/A]
1783618824.7009,2515,2203,61,0,62,36.62,0x0000000000000000,Not Active,Not Active,Not Active,1,1,5,16,[N/A],[N/A],[N/A]
1783618824.8012,2515,2203,61,0,62,36.62,0x0000000000000000,Not Active,Not Active,Not Active,1,1,5,16,[N/A],[N/A],[N/A]
1783618824.9015,2515,2203,61,0,62,36.62,0x0000000000000000,Not Active,Not Active,Not Active,1,1,5,16,[N/A],[N/A],[N/A]
1783618825.0018,2509,2197,71,0,62,35.20,0x0000000000000000,Not Active,Not Active,Not Active,1,1,5,16,[N/A],[N/A],[N/A]
1783618825.1024,2509,2197,71,0,62,35.20,0x0000000000000000,Not Active,Not Active,Not Active,1,1,5,16,[N/A],[N/A],[N/A]
1783618825.2121,2509,2197,71,0,62,35.20,0x0000000000000000,Not Active,Not Active,Not Active,1,1,5,16,[N/A],[N/A],[N/A]
1783618825.3124,2509,2197,71,0,62,35.20,0x0000000000000000,Not Active,Not Active,Not Active,1,1,5,16,[N/A],[N/A],[N/A]
1783618825.4127,2509,2197,71,0,62,35.20,0x0000000000000000,Not Active,Not Active,Not Active,1,1,5,16,[N/A],[N/A],[N/A]
1783618825.513,2509,2190,0,0,57,34.45,0x0000000000000000,Not Active,Not Active,Not Active,1,1,5,16,[N/A],[N/A],[N/A]
1783618825.6132,2509,2190,0,0,57,34.45,0x0000000000000000,Not Active,Not Active,Not Active,1,1,5,16,[N/A],[N/A],[N/A]
1783618825.7139,2509,2190,0,0,57,34.45,0x0000000000000000,Not Active,Not Active,Not Active,1,1,5,16,[N/A],[N/A],[N/A]
1783618825.8141,2509,2190,0,0,57,34.45,0x0000000000000000,Not Active,Not Active,Not Active,1,1,5,16,[N/A],[N/A],[N/A]
1783618825.9145,2509,2190,0,0,57,34.45,0x0000000000000000,Not Active,Not Active,Not Active,1,1,5,16,[N/A],[N/A],[N/A]
1783618826.0148,2502,2184,0,0,57,35.63,0x0000000000000000,Not Active,Not Active,Not Active,1,1,5,16,[N/A],[N/A],[N/A]
1783618826.1151,2502,2184,0,0,57,35.63,0x0000000000000000,Not Active,Not Active,Not Active,1,1,5,16,[N/A],[N/A],[N/A]
1783618826.2154,2502,2184,0,0,57,35.63,0x0000000000000000,Not Active,Not Active,Not Active,1,1,5,16,[N/A],[N/A],[N/A]
1783618826.316,2502,2184,0,0,57,35.63,0x0000000000000000,Not Active,Not Active,Not Active,1,1,5,16,[N/A],[N/A],[N/A]
1783618826.4163,2502,2184,0,0,57,35.63,0x0000000000000000,Not Active,Not Active,Not Active,1,1,5,16,[N/A],[N/A],[N/A]
1783618826.5165,2509,2184,89,0,61,39.10,0x0000000000000000,Not Active,Not Active,Not Active,1,1,5,16,[N/A],[N/A],[N/A]
1783618826.6168,2509,2184,89,0,61,39.10,0x0000000000000000,Not Active,Not Active,Not Active,1,1,5,16,[N/A],[N/A],[N/A]
1783618826.7172,2509,2184,89,0,61,39.10,0x0000000000000000,Not Active,Not Active,Not Active,1,1,5,16,[N/A],[N/A],[N/A]
1783618826.8174,2509,2184,89,0,61,39.10,0x0000000000000000,Not Active,Not Active,Not Active,1,1,5,16,[N/A],[N/A],[N/A]
1783618826.9179,2509,2184,89,0,61,39.10,0x0000000000000000,Not Active,Not Active,Not Active,1,1,5,16,[N/A],[N/A],[N/A]
1783618827.0182,2509,2190,62,0,58,38.55,0x0000000000000000,Not Active,Not Active,Not Active,1,1,5,16,[N/A],[N/A],[N/A]
1783618827.1186,2509,2190,62,0,58,38.55,0x0000000000000000,Not Active,Not Active,Not Active,1,1,5,16,[N/A],[N/A],[N/A]
1783618827.2191,2509,2190,62,0,58,38.55,0x0000000000000000,Not Active,Not Active,Not Active,1,1,5,16,[N/A],[N/A],[N/A]
1783618827.3192,2509,2190,62,0,58,38.55,0x0000000000000000,Not Active,Not Active,Not Active,1,1,5,16,[N/A],[N/A],[N/A]
1783618827.42,2509,2190,62,0,58,38.55,0x0000000000000000,Not Active,Not Active,Not Active,1,1,5,16,[N/A],[N/A],[N/A]
1783618827.5203,2515,2197,95,0,62,38.65,0x0000000000000000,Not Active,Not Active,Not Active,1,1,5,16,[N/A],[N/A],[N/A]
1783618827.6206,2515,2197,95,0,62,38.65,0x0000000000000000,Not Active,Not Active,Not Active,1,1,5,16,[N/A],[N/A],[N/A]
1783618827.7209,2515,2197,95,0,62,38.65,0x0000000000000000,Not Active,Not Active,Not Active,1,1,5,16,[N/A],[N/A],[N/A]
1783618827.8212,2515,2197,95,0,62,38.65,0x0000000000000000,Not Active,Not Active,Not Active,1,1,5,16,[N/A],[N/A],[N/A]
1783618827.9216,2515,2197,95,0,62,39.07,0x0000000000000000,Not Active,Not Active,Not Active,1,1,5,16,[N/A],[N/A],[N/A]
1783618828.0219,2515,2197,95,0,62,39.07,0x0000000000000000,Not Active,Not Active,Not Active,1,1,5,16,[N/A],[N/A],[N/A]
1783618828.1223,2515,2197,95,0,62,39.07,0x0000000000000000,Not Active,Not Active,Not Active,1,1,5,16,[N/A],[N/A],[N/A]
1783618828.2226,2515,2197,95,0,62,39.07,0x0000000000000000,Not Active,Not Active,Not Active,1,1,5,16,[N/A],[N/A],[N/A]
1783618828.3229,2515,2197,95,0,62,39.07,0x0000000000000000,Not Active,Not Active,Not Active,1,1,5,16,[N/A],[N/A],[N/A]
1783618828.4232,2509,2197,47,0,61,35.79,0x0000000000000000,Not Active,Not Active,Not Active,1,1,5,16,[N/A],[N/A],[N/A]
1783618828.5233,2509,2197,47,0,61,35.79,0x0000000000000000,Not Active,Not Active,Not Active,1,1,5,16,[N/A],[N/A],[N/A]
1783618828.6237,2509,2197,47,0,61,35.79,0x0000000000000000,Not Active,Not Active,Not Active,1,1,5,16,[N/A],[N/A],[N/A]
1783618828.724,2509,2197,47,0,61,35.79,0x0000000000000000,Not Active,Not Active,Not Active,1,1,5,16,[N/A],[N/A],[N/A]
1783618828.8243,2509,2197,47,0,61,35.79,0x0000000000000000,Not Active,Not Active,Not Active,1,1,5,16,[N/A],[N/A],[N/A]
1783618828.9246,2502,2190,59,0,62,36.42,0x0000000000000000,Not Active,Not Active,Not Active,1,1,5,16,[N/A],[N/A],[N/A]
1783618829.0249,2502,2190,59,0,62,36.42,0x0000000000000000,Not Active,Not Active,Not Active,1,1,5,16,[N/A],[N/A],[N/A]
1783618829.1252,2502,2190,59,0,62,36.42,0x0000000000000000,Not Active,Not Active,Not Active,1,1,5,16,[N/A],[N/A],[N/A]
1783618829.2255,2502,2190,59,0,62,36.42,0x0000000000000000,Not Active,Not Active,Not Active,1,1,5,16,[N/A],[N/A],[N/A]
1783618829.3257,2502,2190,59,0,62,36.42,0x0000000000000000,Not Active,Not Active,Not Active,1,1,5,16,[N/A],[N/A],[N/A]
1783618829.426,2509,2184,10,0,57,35.82,0x0000000000000000,Not Active,Not Active,Not Active,1,1,5,16,[N/A],[N/A],[N/A]
1783618829.5263,2509,2184,10,0,57,35.82,0x0000000000000000,Not Active,Not Active,Not Active,1,1,5,16,[N/A],[N/A],[N/A]
1783618829.6266,2509,2184,10,0,57,35.82,0x0000000000000000,Not Active,Not Active,Not Active,1,1,5,16,[N/A],[N/A],[N/A]
1783618829.7268,2509,2184,10,0,57,35.82,0x0000000000000000,Not Active,Not Active,Not Active,1,1,5,16,[N/A],[N/A],[N/A]
1783618829.827,2509,2184,10,0,57,35.82,0x0000000000000000,Not Active,Not Active,Not Active,1,1,5,16,[N/A],[N/A],[N/A]
1783618829.9272,2496,2184,18,0,57,36.61,0x0000000000000000,Not Active,Not Active,Not Active,1,1,5,16,[N/A],[N/A],[N/A]
1783618830.0275,2496,2184,18,0,57,36.61,0x0000000000000000,Not Active,Not Active,Not Active,1,1,5,16,[N/A],[N/A],[N/A]
1783618830.1279,2496,2184,18,0,57,36.61,0x0000000000000000,Not Active,Not Active,Not Active,1,1,5,16,[N/A],[N/A],[N/A]
1783618830.2282,2496,2184,18,0,57,36.61,0x0000000000000000,Not Active,Not Active,Not Active,1,1,5,16,[N/A],[N/A],[N/A]
1783618830.3286,2496,2184,18,0,57,36.61,0x0000000000000000,Not Active,Not Active,Not Active,1,1,5,16,[N/A],[N/A],[N/A]
1783618830.4292,2509,2190,95,0,62,40.64,0x0000000000000000,Not Active,Not Active,Not Active,1,1,5,16,[N/A],[N/A],[N/A]
1783618830.5296,2509,2190,95,0,62,40.64,0x0000000000000000,Not Active,Not Active,Not Active,1,1,5,16,[N/A],[N/A],[N/A]
1783618830.6301,2509,2190,95,0,62,40.64,0x0000000000000000,Not Active,Not Active,Not Active,1,1,5,16,[N/A],[N/A],[N/A]
1783618830.7304,2509,2190,95,0,62,40.64,0x0000000000000000,Not Active,Not Active,Not Active,1,1,5,16,[N/A],[N/A],[N/A]
1783618830.8306,2509,2190,95,0,62,40.64,0x0000000000000000,Not Active,Not Active,Not Active,1,1,5,16,[N/A],[N/A],[N/A]
1783618830.9308,2515,2203,95,0,62,35.37,0x0000000000000000,Not Active,Not Active,Not Active,1,1,5,16,[N/A],[N/A],[N/A]
1783618831.0315,2515,2203,95,0,62,35.37,0x0000000000000000,Not Active,Not Active,Not Active,1,1,5,16,[N/A],[N/A],[N/A]
1783618831.1316,2515,2203,95,0,62,35.37,0x0000000000000000,Not Active,Not Active,Not Active,1,1,5,16,[N/A],[N/A],[N/A]
1783618831.232,2515,2203,95,0,62,35.37,0x0000000000000000,Not Active,Not Active,Not Active,1,1,5,16,[N/A],[N/A],[N/A]
1783618831.3322,2515,2203,95,0,62,35.37,0x0000000000000000,Not Active,Not Active,Not Active,1,1,5,16,[N/A],[N/A],[N/A]
1783618831.4324,2509,2197,23,0,60,33.74,0x0000000000000000,Not Active,Not Active,Not Active,1,1,5,16,[N/A],[N/A],[N/A]
1783618831.5327,2509,2197,23,0,60,33.74,0x0000000000000000,Not Active,Not Active,Not Active,1,1,5,16,[N/A],[N/A],[N/A]
1783618831.633,2509,2197,23,0,60,33.74,0x0000000000000000,Not Active,Not Active,Not Active,1,1,5,16,[N/A],[N/A],[N/A]
1783618831.7354,2509,2197,23,0,60,33.74,0x0000000000000000,Not Active,Not Active,Not Active,1,1,5,16,[N/A],[N/A],[N/A]
1783618831.836,2509,2197,23,0,60,33.74,0x0000000000000000,Not Active,Not Active,Not Active,1,1,5,16,[N/A],[N/A],[N/A]
1783618831.9363,2515,2197,40,0,61,35.16,0x0000000000000000,Not Active,Not Active,Not Active,1,1,5,16,[N/A],[N/A],[N/A]
1783618832.0364,2515,2197,40,0,61,35.16,0x0000000000000000,Not Active,Not Active,Not Active,1,1,5,16,[N/A],[N/A],[N/A]
1783618832.1368,2515,2197,40,0,61,35.16,0x0000000000000000,Not Active,Not Active,Not Active,1,1,5,16,[N/A],[N/A],[N/A]
1783618832.2374,2515,2197,40,0,61,35.16,0x0000000000000000,Not Active,Not Active,Not Active,1,1,5,16,[N/A],[N/A],[N/A]
1783618832.3378,2515,2197,40,0,61,35.16,0x0000000000000000,Not Active,Not Active,Not Active,1,1,5,16,[N/A],[N/A],[N/A]
1783618832.4381,2496,2184,29,0,62,37.91,0x0000000000000000,Not Active,Not Active,Not Active,1,1,5,16,[N/A],[N/A],[N/A]
1783618832.5384,2496,2184,29,0,62,37.91,0x0000000000000000,Not Active,Not Active,Not Active,1,1,5,16,[N/A],[N/A],[N/A]
1783618832.6387,2496,2184,29,0,62,37.91,0x0000000000000000,Not Active,Not Active,Not Active,1,1,5,16,[N/A],[N/A],[N/A]
1783618832.7387,2496,2184,29,0,62,37.91,0x0000000000000000,Not Active,Not Active,Not Active,1,1,5,16,[N/A],[N/A],[N/A]
1783618832.8392,2496,2184,29,0,62,37.91,0x0000000000000000,Not Active,Not Active,Not Active,1,1,5,16,[N/A],[N/A],[N/A]
1783618832.9396,2509,2197,8,0,57,36.84,0x0000000000000000,Not Active,Not Active,Not Active,1,1,5,16,[N/A],[N/A],[N/A]
1783618833.0399,2509,2197,8,0,57,36.84,0x0000000000000000,Not Active,Not Active,Not Active,1,1,5,16,[N/A],[N/A],[N/A]
1783618833.1401,2509,2197,8,0,57,36.84,0x0000000000000000,Not Active,Not Active,Not Active,1,1,5,16,[N/A],[N/A],[N/A]
1783618833.2405,2509,2197,8,0,57,36.84,0x0000000000000000,Not Active,Not Active,Not Active,1,1,5,16,[N/A],[N/A],[N/A]
1783618833.3407,2509,2197,8,0,57,36.84,0x0000000000000000,Not Active,Not Active,Not Active,1,1,5,16,[N/A],[N/A],[N/A]
1783618833.441,2509,2190,3,0,57,37.46,0x0000000000000000,Not Active,Not Active,Not Active,1,1,5,16,[N/A],[N/A],[N/A]
1783618833.5412,2509,2190,3,0,57,37.46,0x0000000000000000,Not Active,Not Active,Not Active,1,1,5,16,[N/A],[N/A],[N/A]
1783618833.6414,2509,2190,3,0,57,37.46,0x0000000000000000,Not Active,Not Active,Not Active,1,1,5,16,[N/A],[N/A],[N/A]
1783618833.7416,2509,2190,3,0,57,37.46,0x0000000000000000,Not Active,Not Active,Not Active,1,1,5,16,[N/A],[N/A],[N/A]
1783618833.8418,2509,2190,3,0,57,37.46,0x0000000000000000,Not Active,Not Active,Not Active,1,1,5,16,[N/A],[N/A],[N/A]
1783618833.9422,2496,2184,95,0,62,38.35,0x0000000000000000,Not Active,Not Active,Not Active,1,1,5,16,[N/A],[N/A],[N/A]
1783618834.0429,2496,2184,95,0,62,38.35,0x0000000000000000,Not Active,Not Active,Not Active,1,1,5,16,[N/A],[N/A],[N/A]
1783618834.1432,2496,2184,95,0,62,38.35,0x0000000000000000,Not Active,Not Active,Not Active,1,1,5,16,[N/A],[N/A],[N/A]
1783618834.2436,2496,2184,95,0,62,38.35,0x0000000000000000,Not Active,Not Active,Not Active,1,1,5,16,[N/A],[N/A],[N/A]
1783618834.3439,2496,2184,95,0,62,38.35,0x0000000000000000,Not Active,Not Active,Not Active,1,1,5,16,[N/A],[N/A],[N/A]
1783618834.4442,2502,2184,95,0,62,37.68,0x0000000000000000,Not Active,Not Active,Not Active,1,1,5,16,[N/A],[N/A],[N/A]
1783618834.5445,2502,2184,95,0,62,37.68,0x0000000000000000,Not Active,Not Active,Not Active,1,1,5,16,[N/A],[N/A],[N/A]
1783618834.6446,2502,2184,95,0,62,37.68,0x0000000000000000,Not Active,Not Active,Not Active,1,1,5,16,[N/A],[N/A],[N/A]
1783618834.7448,2502,2184,95,0,62,37.68,0x0000000000000000,Not Active,Not Active,Not Active,1,1,5,16,[N/A],[N/A],[N/A]
1783618834.8453,2502,2184,95,0,62,37.68,0x0000000000000000,Not Active,Not Active,Not Active,1,1,5,16,[N/A],[N/A],[N/A]
1783618834.9455,2509,2190,63,0,62,36.77,0x0000000000000000,Not Active,Not Active,Not Active,1,1,5,16,[N/A],[N/A],[N/A]
1783618835.0459,2509,2190,63,0,62,36.77,0x0000000000000000,Not Active,Not Active,Not Active,1,1,5,16,[N/A],[N/A],[N/A]
1783618835.1465,2509,2190,63,0,62,36.77,0x0000000000000000,Not Active,Not Active,Not Active,1,1,5,16,[N/A],[N/A],[N/A]
1783618835.2477,2509,2190,63,0,62,36.77,0x0000000000000000,Not Active,Not Active,Not Active,1,1,5,16,[N/A],[N/A],[N/A]
1783618835.3479,2509,2190,63,0,62,36.77,0x0000000000000000,Not Active,Not Active,Not Active,1,1,5,16,[N/A],[N/A],[N/A]
1783618835.4482,2515,2203,52,0,61,33.39,0x0000000000000000,Not Active,Not Active,Not Active,1,1,5,16,[N/A],[N/A],[N/A]
1783618835.5485,2515,2203,52,0,61,33.39,0x0000000000000000,Not Active,Not Active,Not Active,1,1,5,16,[N/A],[N/A],[N/A]
1783618835.6491,2515,2203,52,0,61,33.39,0x0000000000000000,Not Active,Not Active,Not Active,1,1,5,16,[N/A],[N/A],[N/A]
1783618835.7494,2515,2203,52,0,61,33.39,0x0000000000000000,Not Active,Not Active,Not Active,1,1,5,16,[N/A],[N/A],[N/A]
1783618835.8496,2515,2203,52,0,61,33.39,0x0000000000000000,Not Active,Not Active,Not Active,1,1,5,16,[N/A],[N/A],[N/A]
1783618835.9498,2509,2197,18,0,57,33.83,0x0000000000000000,Not Active,Not Active,Not Active,1,1,5,16,[N/A],[N/A],[N/A]
1783618836.05,2509,2197,18,0,57,33.83,0x0000000000000000,Not Active,Not Active,Not Active,1,1,5,16,[N/A],[N/A],[N/A]
1783618836.1503,2509,2197,18,0,57,33.83,0x0000000000000000,Not Active,Not Active,Not Active,1,1,5,16,[N/A],[N/A],[N/A]
1783618836.2505,2509,2197,18,0,57,33.83,0x0000000000000000,Not Active,Not Active,Not Active,1,1,5,16,[N/A],[N/A],[N/A]
1783618836.351,2509,2197,18,0,57,33.83,0x0000000000000000,Not Active,Not Active,Not Active,1,1,5,16,[N/A],[N/A],[N/A]
1783618836.4515,2502,2190,9,0,57,38.39,0x0000000000000000,Not Active,Not Active,Not Active,1,1,5,16,[N/A],[N/A],[N/A]
1783618836.5519,2502,2190,9,0,57,38.39,0x0000000000000000,Not Active,Not Active,Not Active,1,1,5,16,[N/A],[N/A],[N/A]
1783618836.6524,2502,2190,9,0,57,38.39,0x0000000000000000,Not Active,Not Active,Not Active,1,1,5,16,[N/A],[N/A],[N/A]
1783618836.7526,2502,2190,9,0,57,38.39,0x0000000000000000,Not Active,Not Active,Not Active,1,1,5,16,[N/A],[N/A],[N/A]
1783618836.8532,2502,2190,9,0,57,38.39,0x0000000000000000,Not Active,Not Active,Not Active,1,1,5,16,[N/A],[N/A],[N/A]
1783618836.9535,2502,2184,95,0,62,38.37,0x0000000000000000,Not Active,Not Active,Not Active,1,1,5,16,[N/A],[N/A],[N/A]
1783618837.0537,2502,2184,95,0,62,38.37,0x0000000000000000,Not Active,Not Active,Not Active,1,1,5,16,[N/A],[N/A],[N/A]
1783618837.154,2502,2184,95,0,62,38.37,0x0000000000000000,Not Active,Not Active,Not Active,1,1,5,16,[N/A],[N/A],[N/A]
1783618837.2543,2502,2184,95,0,62,38.37,0x0000000000000000,Not Active,Not Active,Not Active,1,1,5,16,[N/A],[N/A],[N/A]
1783618837.3546,2502,2184,95,0,62,38.37,0x0000000000000000,Not Active,Not Active,Not Active,1,1,5,16,[N/A],[N/A],[N/A]
1783618837.4552,2509,2190,95,0,62,36.62,0x0000000000000000,Not Active,Not Active,Not Active,1,1,5,16,[N/A],[N/A],[N/A]
1783618837.5553,2509,2190,95,0,62,36.62,0x0000000000000000,Not Active,Not Active,Not Active,1,1,5,16,[N/A],[N/A],[N/A]
1783618837.656,2509,2190,95,0,62,36.62,0x0000000000000000,Not Active,Not Active,Not Active,1,1,5,16,[N/A],[N/A],[N/A]
1783618837.7569,2509,2190,95,0,62,36.62,0x0000000000000000,Not Active,Not Active,Not Active,1,1,5,16,[N/A],[N/A],[N/A]
1783618837.8575,2509,2190,95,0,62,36.62,0x0000000000000000,Not Active,Not Active,Not Active,1,1,5,16,[N/A],[N/A],[N/A]
1783618837.9579,2515,2197,31,0,61,35.40,0x0000000000000000,Not Active,Not Active,Not Active,1,1,5,16,[N/A],[N/A],[N/A]
1783618838.0582,2515,2197,31,0,61,35.40,0x0000000000000000,Not Active,Not Active,Not Active,1,1,5,16,[N/A],[N/A],[N/A]
1783618838.1585,2515,2197,31,0,61,35.40,0x0000000000000000,Not Active,Not Active,Not Active,1,1,5,16,[N/A],[N/A],[N/A]
1783618838.2594,2515,2197,31,0,61,35.40,0x0000000000000000,Not Active,Not Active,Not Active,1,1,5,16,[N/A],[N/A],[N/A]
1783618838.3597,2515,2197,31,0,61,35.40,0x0000000000000000,Not Active,Not Active,Not Active,1,1,5,16,[N/A],[N/A],[N/A]
1783618838.4601,2515,2197,49,0,62,37.52,0x0000000000000000,Not Active,Not Active,Not Active,1,1,5,16,[N/A],[N/A],[N/A]
1783618838.5603,2515,2197,49,0,62,37.52,0x0000000000000000,Not Active,Not Active,Not Active,1,1,5,16,[N/A],[N/A],[N/A]
1783618838.6607,2515,2197,49,0,62,37.52,0x0000000000000000,Not Active,Not Active,Not Active,1,1,5,16,[N/A],[N/A],[N/A]
1783618838.7613,2515,2197,49,0,62,37.52,0x0000000000000000,Not Active,Not Active,Not Active,1,1,5,16,[N/A],[N/A],[N/A]
1783618838.8616,2515,2197,49,0,62,37.52,0x0000000000000000,Not Active,Not Active,Not Active,1,1,5,16,[N/A],[N/A],[N/A]
1783618838.9622,2509,2197,20,0,57,37.07,0x0000000000000000,Not Active,Not Active,Not Active,1,1,5,16,[N/A],[N/A],[N/A]
1783618839.0626,2509,2197,20,0,57,37.07,0x0000000000000000,Not Active,Not Active,Not Active,1,1,5,16,[N/A],[N/A],[N/A]
1783618839.1629,2509,2197,20,0,57,37.07,0x0000000000000000,Not Active,Not Active,Not Active,1,1,5,16,[N/A],[N/A],[N/A]
1783618839.2633,2509,2197,20,0,57,37.07,0x0000000000000000,Not Active,Not Active,Not Active,1,1,5,16,[N/A],[N/A],[N/A]
1783618839.3641,2509,2197,20,0,57,37.07,0x0000000000000000,Not Active,Not Active,Not Active,1,1,5,16,[N/A],[N/A],[N/A]
1783618839.4643,2502,2190,15,0,57,37.36,0x0000000000000000,Not Active,Not Active,Not Active,1,1,5,16,[N/A],[N/A],[N/A]
1783618839.5648,2502,2190,15,0,57,37.36,0x0000000000000000,Not Active,Not Active,Not Active,1,1,5,16,[N/A],[N/A],[N/A]
1783618839.6651,2502,2190,15,0,57,37.36,0x0000000000000000,Not Active,Not Active,Not Active,1,1,5,16,[N/A],[N/A],[N/A]
1783618839.7653,2502,2190,15,0,57,37.36,0x0000000000000000,Not Active,Not Active,Not Active,1,1,5,16,[N/A],[N/A],[N/A]
1783618839.8655,2502,2190,15,0,57,37.36,0x0000000000000000,Not Active,Not Active,Not Active,1,1,5,16,[N/A],[N/A],[N/A]
1783618839.9657,2509,2184,95,0,63,40.18,0x0000000000000000,Not Active,Not Active,Not Active,1,1,5,16,[N/A],[N/A],[N/A]
1783618840.066,2509,2184,95,0,63,40.18,0x0000000000000000,Not Active,Not Active,Not Active,1,1,5,16,[N/A],[N/A],[N/A]
1783618840.1663,2509,2184,95,0,63,40.18,0x0000000000000000,Not Active,Not Active,Not Active,1,1,5,16,[N/A],[N/A],[N/A]
1783618840.2664,2509,2184,95,0,63,40.18,0x0000000000000000,Not Active,Not Active,Not Active,1,1,5,16,[N/A],[N/A],[N/A]
1783618840.3668,2509,2184,95,0,63,40.18,0x0000000000000000,Not Active,Not Active,Not Active,1,1,5,16,[N/A],[N/A],[N/A]
1783618840.4669,2502,2184,95,0,62,37.71,0x0000000000000000,Not Active,Not Active,Not Active,1,1,5,16,[N/A],[N/A],[N/A]
1783618840.5672,2502,2184,95,0,62,37.71,0x0000000000000000,Not Active,Not Active,Not Active,1,1,5,16,[N/A],[N/A],[N/A]
1783618840.6674,2502,2184,95,0,62,37.71,0x0000000000000000,Not Active,Not Active,Not Active,1,1,5,16,[N/A],[N/A],[N/A]
1783618840.7676,2502,2184,95,0,62,37.71,0x0000000000000000,Not Active,Not Active,Not Active,1,1,5,16,[N/A],[N/A],[N/A]
1783618840.8682,2502,2184,95,0,62,37.71,0x0000000000000000,Not Active,Not Active,Not Active,1,1,5,16,[N/A],[N/A],[N/A]
1783618840.9685,2515,2190,59,0,62,35.91,0x0000000000000000,Not Active,Not Active,Not Active,1,1,5,16,[N/A],[N/A],[N/A]
1783618841.0688,2515,2190,59,0,62,35.91,0x0000000000000000,Not Active,Not Active,Not Active,1,1,5,16,[N/A],[N/A],[N/A]
1783618841.1756,2515,2190,59,0,62,35.91,0x0000000000000000,Not Active,Not Active,Not Active,1,1,5,16,[N/A],[N/A],[N/A]
1783618841.2762,2515,2190,59,0,62,35.91,0x0000000000000000,Not Active,Not Active,Not Active,1,1,5,16,[N/A],[N/A],[N/A]
1783618841.3766,2515,2190,59,0,62,35.91,0x0000000000000000,Not Active,Not Active,Not Active,1,1,5,16,[N/A],[N/A],[N/A]
1783618841.4771,2509,2197,87,0,62,35.69,0x0000000000000000,Not Active,Not Active,Not Active,1,1,5,16,[N/A],[N/A],[N/A]
1783618841.5774,2509,2197,87,0,62,35.69,0x0000000000000000,Not Active,Not Active,Not Active,1,1,5,16,[N/A],[N/A],[N/A]
1783618841.6779,2509,2197,87,0,62,35.69,0x0000000000000000,Not Active,Not Active,Not Active,1,1,5,16,[N/A],[N/A],[N/A]
1783618841.7779,2509,2197,87,0,62,35.69,0x0000000000000000,Not Active,Not Active,Not Active,1,1,5,16,[N/A],[N/A],[N/A]
1783618841.8783,2509,2197,87,0,62,35.69,0x0000000000000000,Not Active,Not Active,Not Active,1,1,5,16,[N/A],[N/A],[N/A]
1783618841.9787,2515,2203,1,0,57,37.70,0x0000000000000000,Not Active,Not Active,Not Active,1,1,5,16,[N/A],[N/A],[N/A]
1783618842.079,2515,2203,1,0,57,37.70,0x0000000000000000,Not Active,Not Active,Not Active,1,1,5,16,[N/A],[N/A],[N/A]
1783618842.1796,2515,2203,1,0,57,37.70,0x0000000000000000,Not Active,Not Active,Not Active,1,1,5,16,[N/A],[N/A],[N/A]
1783618842.2801,2515,2203,1,0,57,37.70,0x0000000000000000,Not Active,Not Active,Not Active,1,1,5,16,[N/A],[N/A],[N/A]
1783618842.3817,2515,2203,1,0,57,37.70,0x0000000000000000,Not Active,Not Active,Not Active,1,1,5,16,[N/A],[N/A],[N/A]
1783618842.4819,2509,2197,0,0,57,35.95,0x0000000000000000,Not Active,Not Active,Not Active,1,1,5,16,[N/A],[N/A],[N/A]
1783618842.5823,2509,2197,0,0,57,35.95,0x0000000000000000,Not Active,Not Active,Not Active,1,1,5,16,[N/A],[N/A],[N/A]
1783618842.6825,2509,2197,0,0,57,35.95,0x0000000000000000,Not Active,Not Active,Not Active,1,1,5,16,[N/A],[N/A],[N/A]
1783618842.7831,2509,2197,0,0,57,35.95,0x0000000000000000,Not Active,Not Active,Not Active,1,1,5,16,[N/A],[N/A],[N/A]
1783618842.8833,2509,2197,0,0,57,35.95,0x0000000000000000,Not Active,Not Active,Not Active,1,1,5,16,[N/A],[N/A],[N/A]
1783618842.9839,2502,2184,84,0,59,37.24,0x0000000000000000,Not Active,Not Active,Not Active,1,1,5,16,[N/A],[N/A],[N/A]
1783618843.0843,2502,2184,84,0,59,37.24,0x0000000000000000,Not Active,Not Active,Not Active,1,1,5,16,[N/A],[N/A],[N/A]
1783618843.1846,2502,2184,84,0,59,37.24,0x0000000000000000,Not Active,Not Active,Not Active,1,1,5,16,[N/A],[N/A],[N/A]
1783618843.2854,2502,2184,84,0,59,37.24,0x0000000000000000,Not Active,Not Active,Not Active,1,1,5,16,[N/A],[N/A],[N/A]
1783618843.3863,2502,2184,84,0,59,37.24,0x0000000000000000,Not Active,Not Active,Not Active,1,1,5,16,[N/A],[N/A],[N/A]
1783618843.486,2502,2184,89,0,60,40.60,0x0000000000000000,Not Active,Not Active,Not Active,1,1,5,16,[N/A],[N/A],[N/A]
1783618843.5863,2502,2184,89,0,60,40.60,0x0000000000000000,Not Active,Not Active,Not Active,1,1,5,16,[N/A],[N/A],[N/A]
1783618843.6866,2502,2184,89,0,60,40.60,0x0000000000000000,Not Active,Not Active,Not Active,1,1,5,16,[N/A],[N/A],[N/A]
1783618843.7872,2502,2184,89,0,60,40.60,0x0000000000000000,Not Active,Not Active,Not Active,1,1,5,16,[N/A],[N/A],[N/A]
1783618843.8878,2502,2184,89,0,60,40.60,0x0000000000000000,Not Active,Not Active,Not Active,1,1,5,16,[N/A],[N/A],[N/A]
1783618843.988,2509,2190,67,0,62,35.21,0x0000000000000000,Not Active,Not Active,Not Active,1,1,5,16,[N/A],[N/A],[N/A]
1783618844.0884,2509,2190,67,0,62,35.21,0x0000000000000000,Not Active,Not Active,Not Active,1,1,5,16,[N/A],[N/A],[N/A]
1783618844.189,2509,2190,67,0,62,35.21,0x0000000000000000,Not Active,Not Active,Not Active,1,1,5,16,[N/A],[N/A],[N/A]
1783618844.2892,2509,2190,67,0,62,35.21,0x0000000000000000,Not Active,Not Active,Not Active,1,1,5,16,[N/A],[N/A],[N/A]
1783618844.3896,2509,2190,67,0,62,35.21,0x0000000000000000,Not Active,Not Active,Not Active,1,1,5,16,[N/A],[N/A],[N/A]
1783618844.49,2515,2197,74,0,62,35.28,0x0000000000000000,Not Active,Not Active,Not Active,1,1,5,16,[N/A],[N/A],[N/A]
1783618844.5901,2515,2197,74,0,62,35.28,0x0000000000000000,Not Active,Not Active,Not Active,1,1,5,16,[N/A],[N/A],[N/A]
1783618844.6903,2515,2197,74,0,62,35.28,0x0000000000000000,Not Active,Not Active,Not Active,1,1,5,16,[N/A],[N/A],[N/A]
1783618844.7909,2515,2197,74,0,62,35.28,0x0000000000000000,Not Active,Not Active,Not Active,1,1,5,16,[N/A],[N/A],[N/A]
1783618844.8912,2515,2197,74,0,62,35.28,0x0000000000000000,Not Active,Not Active,Not Active,1,1,5,16,[N/A],[N/A],[N/A]
1783618844.9915,2515,2197,0,0,57,33.09,0x0000000000000000,Not Active,Not Active,Not Active,1,1,5,16,[N/A],[N/A],[N/A]
1783618845.0918,2515,2197,0,0,57,33.09,0x0000000000000000,Not Active,Not Active,Not Active,1,1,5,16,[N/A],[N/A],[N/A]
1783618845.192,2515,2197,0,0,57,33.09,0x0000000000000000,Not Active,Not Active,Not Active,1,1,5,16,[N/A],[N/A],[N/A]
1783618845.2922,2515,2197,0,0,57,33.09,0x0000000000000000,Not Active,Not Active,Not Active,1,1,5,16,[N/A],[N/A],[N/A]
1783618845.3923,2515,2197,0,0,57,33.09,0x0000000000000000,Not Active,Not Active,Not Active,1,1,5,16,[N/A],[N/A],[N/A]
1783618845.4927,2502,2190,12,0,57,35.50,0x0000000000000000,Not Active,Not Active,Not Active,1,1,5,16,[N/A],[N/A],[N/A]
1783618845.5929,2502,2190,12,0,57,35.50,0x0000000000000000,Not Active,Not Active,Not Active,1,1,5,16,[N/A],[N/A],[N/A]
1783618845.6931,2502,2190,12,0,57,35.50,0x0000000000000000,Not Active,Not Active,Not Active,1,1,5,16,[N/A],[N/A],[N/A]
1783618845.7934,2502,2190,12,0,57,35.50,0x0000000000000000,Not Active,Not Active,Not Active,1,1,5,16,[N/A],[N/A],[N/A]
1783618845.8935,2502,2190,12,0,57,35.50,0x0000000000000000,Not Active,Not Active,Not Active,1,1,5,16,[N/A],[N/A],[N/A]
1783618845.9937,2496,2184,95,0,63,38.62,0x0000000000000000,Not Active,Not Active,Not Active,1,1,5,16,[N/A],[N/A],[N/A]
